K,rho1,ang1,rho2,ang2,rho3,ang3
0.200000000,0.000000,0.000000,0.000000,0.000000,0.000000,0.000000
0.201966994,0.000000,0.000000,0.000000,0.000000,0.000000,0.000000
0.203933989,0.000000,0.000000,0.000000,0.000000,0.000000,0.000000
0.205900983,0.000000,0.000000,0.000000,0.000000,0.000000,0.000000
0.207867978,0.000000,0.000000,0.000000,0.000000,0.000000,0.000000
0.209834972,0.000000,0.000000,0.000000,0.000000,0.000000,0.000000
0.211801967,0.000000,0.000000,0.000000,0.000000,0.000000,0.000000
0.213768961,0.000000,0.000000,0.000000,0.000000,0.000000,0.000000
0.215735956,0.000000,0.000000,0.000000,0.000000,0.000000,0.000000
0.217702950,0.000000,0.000000,0.000000,0.000000,0.000000,0.000000
0.219669945,0.000000,0.000000,0.000000,0.000000,0.000000,0.000000
0.221636939,0.000000,0.000000,0.000000,0.000000,0.000000,0.000000
0.223603934,0.000000,0.000000,0.000000,0.000000,0.000000,0.000000
0.225570928,0.000000,0.000000,0.000000,0.000000,0.000000,0.000000
0.227537923,0.000000,0.000000,0.000000,0.000000,0.000000,0.000000
0.229504917,0.000000,0.000000,0.000000,0.000000,0.000000,0.000000
0.231471912,0.000000,0.000000,0.000000,0.000000,0.000000,0.000000
0.233438906,0.000000,0.000000,0.000000,0.000000,0.000000,0.000000
0.235405901,0.000000,0.000000,0.000000,0.000000,0.000000,0.000000
0.237372895,0.000000,0.000000,0.000000,0.000000,0.000000,0.000000
0.239339890,0.000000,0.000000,0.000000,0.000000,0.000000,0.000000
0.241306884,0.000000,0.000000,0.000000,0.000000,0.000000,0.000000
0.243273879,0.000000,0.000000,0.000000,0.000000,0.000000,0.000000
0.245240873,0.000000,0.000000,0.000000,0.000000,0.000000,0.000000
0.247207868,0.000000,0.000000,0.000000,0.000000,0.000000,0.000000
0.249174862,0.000000,0.000000,0.000000,0.000000,0.000000,0.000000
0.251141857,0.000000,0.000000,0.000000,0.000000,0.000000,0.000000
0.253108851,0.000000,0.000000,0.000000,0.000000,0.000000,0.000000
0.255075846,0.000000,0.000000,0.000000,0.000000,0.000000,0.000000
0.257042840,0.000000,0.000000,0.000000,0.000000,0.000000,0.000000
0.259009835,0.000000,0.000000,0.000000,0.000000,0.000000,0.000000
0.260976829,0.000000,0.000000,0.000000,0.000000,0.000000,0.000000
0.262943824,0.000000,0.000000,0.000000,0.000000,0.000000,0.000000
0.264910818,0.000000,0.000000,0.000000,0.000000,0.000000,0.000000
0.266877813,0.000000,0.000000,0.000000,0.000000,0.000000,0.000000
0.268844807,0.000000,0.000000,0.000000,0.000000,0.000000,0.000000
0.270811802,0.000000,0.000000,0.000000,0.000000,0.000000,0.000000
0.272778796,0.000000,0.000000,0.000000,0.000000,0.000000,0.000000
0.274745791,0.000000,0.000000,0.000000,0.000000,0.000000,0.000000
0.276712785,0.000000,0.000000,0.000000,0.000000,0.000000,0.000000
0.278679780,0.000000,0.000000,0.000000,0.000000,0.000000,0.000000
0.280646774,0.000000,0.000000,0.000000,0.000000,0.000000,0.000000
0.282613769,0.000000,0.000000,0.000000,0.000000,0.000000,0.000000
0.284580763,0.000000,0.000000,0.000000,0.000000,0.000000,0.000000
0.286547758,0.000000,0.000000,0.000000,0.000000,0.000000,0.000000
0.288514752,0.000000,0.000000,0.000000,0.000000,0.000000,0.000000
0.290481747,0.000000,0.000000,0.000000,0.000000,0.000000,0.000000
0.292448741,0.000000,0.000000,0.000000,0.000000,0.000000,0.000000
0.294415736,0.000000,0.000000,0.000000,0.000000,0.000000,0.000000
0.296382730,0.000000,0.000000,0.000000,0.000000,0.000000,0.000000
0.298349725,0.000000,0.000000,0.000000,0.000000,0.000000,0.000000
0.300316719,0.000000,0.000000,0.000000,0.000000,0.000000,0.000000
0.302283714,0.000000,0.000000,0.000000,0.000000,0.000000,0.000000
0.304250708,0.000000,0.000000,0.000000,0.000000,0.000000,0.000000
0.306217703,0.000000,0.000000,0.000000,0.000000,0.000000,0.000000
0.308184697,0.000000,0.000000,0.000000,0.000000,0.000000,0.000000
0.310151692,0.000000,0.000000,0.000000,0.000000,0.000000,0.000000
0.312118686,0.000000,0.000000,0.000000,0.000000,0.000000,0.000000
0.314085681,0.000000,0.000000,0.000000,0.000000,0.000000,0.000000
0.316052675,0.000000,0.000000,0.000000,0.000000,0.000000,0.000000
0.318019670,0.000000,0.000000,0.000000,0.000000,0.000000,0.000000
0.319986664,0.979023,0.006869,0.000000,0.000000,0.000000,0.000000
0.321953659,0.979049,0.010029,0.000000,0.000000,0.000000,0.000000
0.323920653,0.979075,0.012409,0.000000,0.000000,0.000000,0.000000
0.325887648,0.979102,0.014400,0.000000,0.000000,0.000000,0.000000
0.327854642,0.979128,0.016148,0.000000,0.000000,0.000000,0.000000
0.329821637,0.979154,0.017724,0.000000,0.000000,0.000000,0.000000
0.331788631,0.979180,0.019170,0.000000,0.000000,0.000000,0.000000
0.333755626,0.979206,0.020515,0.000000,0.000000,0.000000,0.000000
0.335722620,0.979232,0.021777,0.000000,0.000000,0.000000,0.000000
0.337689615,0.979258,0.022970,0.000000,0.000000,0.000000,0.000000
0.339656609,0.979284,0.024103,0.000000,0.000000,0.000000,0.000000
0.341623604,0.979311,0.025186,0.000000,0.000000,0.000000,0.000000
0.343590598,0.979337,0.026224,0.000000,0.000000,0.000000,0.000000
0.345557593,0.979363,0.027222,0.000000,0.000000,0.000000,0.000000
0.347524587,0.979389,0.028185,0.000000,0.000000,0.000000,0.000000
0.349491582,0.979415,0.029116,0.000000,0.000000,0.000000,0.000000
0.351458576,0.979441,0.030018,0.000000,0.000000,0.000000,0.000000
0.353425571,0.979467,0.030893,0.000000,0.000000,0.000000,0.000000
0.355392565,0.979493,0.031745,0.000000,0.000000,0.000000,0.000000
0.357359560,0.979520,0.032574,0.000000,0.000000,0.000000,0.000000
0.359326554,0.979546,0.033382,0.000000,0.000000,0.000000,0.000000
0.361293549,0.979572,0.034172,0.000000,0.000000,0.000000,0.000000
0.363260543,0.979598,0.034943,0.000000,0.000000,0.000000,0.000000
0.365227538,0.979624,0.035698,0.000000,0.000000,0.000000,0.000000
0.367194532,0.979650,0.036437,0.000000,0.000000,0.000000,0.000000
0.369161527,0.979676,0.037161,0.000000,0.000000,0.000000,0.000000
0.371128521,0.979702,0.037872,0.000000,0.000000,0.000000,0.000000
0.373095516,0.979729,0.038569,0.000000,0.000000,0.000000,0.000000
0.375062510,0.979755,0.039254,0.000000,0.000000,0.000000,0.000000
0.377029505,0.979781,0.039927,0.000000,0.000000,0.000000,0.000000
0.378996499,0.979807,0.040588,0.000000,0.000000,0.000000,0.000000
0.380963494,0.979833,0.041240,0.000000,0.000000,0.000000,0.000000
0.382930488,0.979859,0.041881,0.000000,0.000000,0.000000,0.000000
0.384897483,0.979885,0.042512,0.000000,0.000000,0.000000,0.000000
0.386864477,0.979911,0.043134,0.000000,0.000000,0.000000,0.000000
0.388831472,0.979938,0.043747,0.000000,0.000000,0.000000,0.000000
0.390798466,0.979964,0.044352,0.000000,0.000000,0.000000,0.000000
0.392765461,0.979990,0.044948,0.000000,0.000000,0.000000,0.000000
0.394732455,0.980016,0.045537,0.000000,0.000000,0.000000,0.000000
0.396699450,0.980042,0.046118,0.000000,0.000000,0.000000,0.000000
0.398666444,0.980068,0.046691,0.000000,0.000000,0.000000,0.000000
0.400633439,0.980094,0.047258,0.000000,0.000000,0.000000,0.000000
0.402600433,0.980120,0.047818,0.000000,0.000000,0.000000,0.000000
0.404567428,0.980146,0.048371,0.000000,0.000000,0.000000,0.000000
0.406534422,0.980173,0.048919,0.000000,0.000000,0.000000,0.000000
0.408501417,0.980199,0.049460,0.000000,0.000000,0.000000,0.000000
0.410468411,0.980225,0.049995,0.000000,0.000000,0.000000,0.000000
0.412435406,0.980251,0.050524,0.000000,0.000000,0.000000,0.000000
0.414402400,0.980277,0.051048,0.000000,0.000000,0.000000,0.000000
0.416369395,0.980303,0.051567,0.000000,0.000000,0.000000,0.000000
0.418336389,0.980329,0.052080,0.000000,0.000000,0.000000,0.000000
0.420303384,0.980355,0.052589,0.000000,0.000000,0.000000,0.000000
0.422270378,0.980381,0.053092,0.000000,0.000000,0.000000,0.000000
0.424237373,0.980408,0.053591,0.000000,0.000000,0.000000,0.000000
0.426204367,0.980434,0.054085,0.000000,0.000000,0.000000,0.000000
0.428171362,0.980460,0.054574,0.000000,0.000000,0.000000,0.000000
0.430138356,0.980486,0.055059,0.000000,0.000000,0.000000,0.000000
0.432105351,0.980512,0.055540,0.000000,0.000000,0.000000,0.000000
0.434072345,0.980538,0.056017,0.000000,0.000000,0.000000,0.000000
0.436039340,0.980564,0.056490,0.000000,0.000000,0.000000,0.000000
0.438006334,0.980590,0.056958,0.000000,0.000000,0.000000,0.000000
0.439973329,0.980616,0.057423,0.000000,0.000000,0.000000,0.000000
0.441940323,0.980642,0.057884,0.000000,0.000000,0.000000,0.000000
0.443907318,0.980668,0.058342,0.000000,0.000000,0.000000,0.000000
0.445874312,0.980695,0.058795,0.000000,0.000000,0.000000,0.000000
0.447841307,0.980721,0.059246,0.000000,0.000000,0.000000,0.000000
0.449808301,0.980747,0.059693,0.000000,0.000000,0.000000,0.000000
0.451775296,0.980773,0.060136,0.000000,0.000000,0.000000,0.000000
0.453742290,0.980799,0.060576,0.000000,0.000000,0.000000,0.000000
0.455709285,0.980825,0.061013,0.000000,0.000000,0.000000,0.000000
0.457676279,0.980851,0.061447,0.000000,0.000000,0.000000,0.000000
0.459643274,0.980877,0.061878,0.000000,0.000000,0.000000,0.000000
0.461610268,0.980903,0.062306,0.000000,0.000000,0.000000,0.000000
0.463577263,0.980929,0.062731,0.000000,0.000000,0.000000,0.000000
0.465544257,0.980956,0.063153,0.000000,0.000000,0.000000,0.000000
0.467511252,0.980982,0.063572,0.000000,0.000000,0.000000,0.000000
0.469478246,0.981008,0.063988,0.000000,0.000000,0.000000,0.000000
0.471445241,0.981034,0.064402,0.000000,0.000000,0.000000,0.000000
0.473412235,0.981060,0.064813,0.000000,0.000000,0.000000,0.000000
0.475379230,0.981086,0.065221,0.000000,0.000000,0.000000,0.000000
0.477346224,0.981112,0.065627,0.000000,0.000000,0.000000,0.000000
0.479313219,0.981138,0.066030,0.000000,0.000000,0.000000,0.000000
0.481280213,0.981164,0.066431,0.000000,0.000000,0.000000,0.000000
0.483247208,0.981190,0.066830,0.000000,0.000000,0.000000,0.000000
0.485214202,0.981216,0.067225,0.000000,0.000000,0.000000,0.000000
0.487181197,0.981242,0.067619,0.000000,0.000000,0.000000,0.000000
0.489148191,0.981269,0.068010,0.000000,0.000000,0.000000,0.000000
0.491115186,0.981295,0.068399,0.000000,0.000000,0.000000,0.000000
0.493082180,0.981321,0.068786,0.000000,0.000000,0.000000,0.000000
0.495049175,0.981347,0.069171,0.000000,0.000000,0.000000,0.000000
0.497016169,0.981373,0.069553,0.000000,0.000000,0.000000,0.000000
0.498983164,0.981399,0.069934,0.000000,0.000000,0.000000,0.000000
0.500950158,0.981425,0.070312,0.000000,0.000000,0.000000,0.000000
0.502917153,0.981451,0.070688,0.000000,0.000000,0.000000,0.000000
0.504884147,0.981477,0.071063,0.979011,0.004834,0.000000,0.000000
0.506851142,0.981503,0.071435,0.979028,0.007557,0.000000,0.000000
0.508818136,0.981529,0.071805,0.979044,0.009532,0.000000,0.000000
0.510785131,0.981555,0.072173,0.979061,0.011163,0.000000,0.000000
0.512752125,0.981581,0.072540,0.979078,0.012584,0.000000,0.000000
0.514719120,0.981607,0.072904,0.979094,0.013860,0.000000,0.000000
0.516686114,0.981634,0.073267,0.979111,0.015028,0.000000,0.000000
0.518653109,0.981660,0.073628,0.979127,0.016112,0.000000,0.000000
0.520620103,0.981686,0.073987,0.979144,0.017127,0.000000,0.000000
0.522587098,0.981712,0.074345,0.979160,0.018085,0.000000,0.000000
0.524554092,0.981738,0.074700,0.979177,0.018995,0.000000,0.000000
0.526521087,0.981764,0.075054,0.979193,0.019863,0.000000,0.000000
0.528488081,0.981790,0.075406,0.979210,0.020695,0.000000,0.000000
0.530455076,0.981816,0.075757,0.979226,0.021494,0.000000,0.000000
0.532422070,0.981842,0.076106,0.979243,0.022265,0.000000,0.000000
0.534389065,0.981868,0.076453,0.979259,0.023010,0.000000,0.000000
0.536356059,0.981894,0.076799,0.979276,0.023732,0.000000,0.000000
0.538323054,0.981920,0.077143,0.979292,0.024432,0.000000,0.000000
0.540290048,0.981946,0.077486,0.979309,0.025112,0.000000,0.000000
0.542257043,0.981972,0.077827,0.979325,0.025775,0.000000,0.000000
0.544224037,0.981998,0.078166,0.979342,0.026421,0.000000,0.000000
0.546191032,0.982025,0.078504,0.979358,0.027052,0.000000,0.000000
0.548158026,0.982051,0.078841,0.979375,0.027668,0.000000,0.000000
0.550125021,0.982077,0.079176,0.979391,0.028271,0.000000,0.000000
0.552092015,0.982103,0.079510,0.979408,0.028861,0.000000,0.000000
0.554059010,0.982129,0.079842,0.979424,0.029439,0.000000,0.000000
0.556026004,0.982155,0.080173,0.979441,0.030006,0.000000,0.000000
0.557992999,0.982181,0.080503,0.979457,0.030563,0.000000,0.000000
0.559959993,0.982207,0.080831,0.979474,0.031109,0.000000,0.000000
0.561926988,0.982233,0.081158,0.979490,0.031647,0.000000,0.000000
0.563893982,0.982259,0.081483,0.979507,0.032175,0.000000,0.000000
0.565860977,0.982285,0.081807,0.979523,0.032694,0.000000,0.000000
0.567827971,0.982311,0.082130,0.979540,0.033206,0.000000,0.000000
0.569794966,0.982337,0.082452,0.979556,0.033709,0.000000,0.000000
0.571761960,0.982363,0.082772,0.979573,0.034206,0.000000,0.000000
0.573728955,0.982389,0.083091,0.979590,0.034695,0.000000,0.000000
0.575695949,0.982415,0.083409,0.979606,0.035177,0.000000,0.000000
0.577662944,0.982441,0.083725,0.979623,0.035653,0.000000,0.000000
0.579629938,0.982467,0.084040,0.979639,0.036122,0.000000,0.000000
0.581596933,0.982493,0.084355,0.979656,0.036586,0.000000,0.000000
0.583563927,0.982520,0.084668,0.979672,0.037043,0.000000,0.000000
0.585530922,0.982546,0.084979,0.979689,0.037495,0.000000,0.000000
0.587497916,0.982572,0.085290,0.979705,0.037942,0.000000,0.000000
0.589464911,0.982598,0.085599,0.979722,0.038383,0.000000,0.000000
0.591431905,0.982624,0.085908,0.979738,0.038819,0.000000,0.000000
0.593398900,0.982650,0.086215,0.979755,0.039251,0.000000,0.000000
0.595365894,0.982676,0.086521,0.979771,0.039678,0.000000,0.000000
0.597332889,0.982702,0.086826,0.979788,0.040100,0.000000,0.000000
0.599299883,0.982728,0.087130,0.979804,0.040518,0.000000,0.000000
0.601266878,0.982754,0.087433,0.979821,0.040931,0.000000,0.000000
0.603233872,0.982780,0.087734,0.979837,0.041340,0.000000,0.000000
0.605200867,0.982806,0.088035,0.979854,0.041746,0.000000,0.000000
0.607167861,0.982832,0.088335,0.979870,0.042147,0.000000,0.000000
0.609134856,0.982858,0.088633,0.979887,0.042545,0.000000,0.000000
0.611101850,0.982884,0.088931,0.979903,0.042938,0.000000,0.000000
0.613068845,0.982910,0.089228,0.979920,0.043329,0.000000,0.000000
0.615035839,0.982936,0.089523,0.979936,0.043716,0.000000,0.000000
0.617002834,0.982962,0.089818,0.979953,0.044099,0.979002,0.001867
0.618969828,0.982988,0.090111,0.979969,0.044479,0.979028,0.007558
0.620936823,0.983014,0.090404,0.979986,0.044856,0.979054,0.010523
0.622903817,0.983040,0.090696,0.980002,0.045229,0.979080,0.012821
0.624870812,0.983066,0.090986,0.980019,0.045600,0.979107,0.014764
0.626837806,0.983092,0.091276,0.980035,0.045968,0.979133,0.016480
0.628804801,0.983118,0.091565,0.980052,0.046332,0.979159,0.018034
0.630771795,0.983144,0.091853,0.980068,0.046694,0.979185,0.019463
0.632738790,0.983170,0.092140,0.980085,0.047053,0.979212,0.020795
0.634705784,0.983197,0.092426,0.980101,0.047409,0.979238,0.022046
0.636672779,0.983223,0.092711,0.980118,0.047763,0.979264,0.023230
0.638639773,0.983249,0.092995,0.980134,0.048114,0.979290,0.024356
0.640606768,0.983275,0.093279,0.980151,0.048462,0.979317,0.025432
0.642573762,0.983301,0.093561,0.980167,0.048808,0.979343,0.026465
0.644540757,0.983327,0.093843,0.980184,0.049152,0.979369,0.027459
0.646507751,0.983353,0.094124,0.980200,0.049493,0.979395,0.028417
0.648474746,0.983379,0.094404,0.980217,0.049831,0.979422,0.029345
0.650441740,0.983405,0.094683,0.980233,0.050168,0.979448,0.030244
0.652408735,0.983431,0.094961,0.980250,0.050502,0.979474,0.031117
0.654375729,0.983457,0.095238,0.980266,0.050834,0.979500,0.031966
0.656342724,0.983483,0.095515,0.980283,0.051164,0.979527,0.032793
0.658309718,0.983509,0.095791,0.980299,0.051491,0.979553,0.033600
0.660276713,0.983535,0.096065,0.980316,0.051817,0.979579,0.034387
0.662243707,0.983561,0.096340,0.980332,0.052140,0.979605,0.035157
0.664210702,0.983587,0.096613,0.980349,0.052462,0.979632,0.035911
0.666177696,0.983613,0.096886,0.980365,0.052781,0.979658,0.036648
0.668144691,0.983639,0.097157,0.980382,0.053099,0.979684,0.037372
0.670111685,0.983665,0.097428,0.980398,0.053415,0.979710,0.038081
0.672078680,0.983691,0.097698,0.980415,0.053728,0.979737,0.038778
0.674045674,0.983717,0.097968,0.980431,0.054040,0.979763,0.039462
0.676012669,0.983743,0.098237,0.980448,0.054350,0.979789,0.040134
0.677979663,0.983769,0.098505,0.980464,0.054659,0.979815,0.040795
0.679946658,0.983795,0.098772,0.980481,0.054966,0.979841,0.041446
0.681913652,0.983821,0.099038,0.980497,0.055270,0.979868,0.042087
0.683880647,0.983847,0.099304,0.980514,0.055574,0.979894,0.042718
0.685847641,0.983873,0.099569,0.980530,0.055875,0.979920,0.043339
0.687814636,0.983899,0.099833,0.980547,0.056175,0.979946,0.043952
0.689781630,0.983925,0.100097,0.980563,0.056474,0.979973,0.044556
0.691748625,0.983951,0.100360,0.980580,0.056770,0.979999,0.045153
0.693715619,0.983977,0.100622,0.980596,0.057066,0.980025,0.045741
0.695682614,0.984003,0.100883,0.980613,0.057359,0.980051,0.046322
0.697649608,0.984029,0.101144,0.980629,0.057652,0.980078,0.046896
0.699616603,0.984055,0.101404,0.980646,0.057942,0.980104,0.047462
0.701583597,0.984081,0.101663,0.980662,0.058231,0.980130,0.048022
0.703550592,0.984107,0.101922,0.980679,0.058519,0.980156,0.048576
0.705517586,0.984133,0.102180,0.980695,0.058806,0.980182,0.049123
0.707484581,0.984159,0.102438,0.980712,0.059091,0.980209,0.049664
0.709451575,0.984185,0.102694,0.980728,0.059374,0.980235,0.050200
0.711418570,0.984211,0.102950,0.980745,0.059656,0.980261,0.050729
0.713385564,0.984237,0.103206,0.980761,0.059937,0.980287,0.051253
0.715352559,0.984263,0.103460,0.980778,0.060217,0.980313,0.051772
0.717319553,0.984289,0.103714,0.980794,0.060495,0.980340,0.052286
0.719286548,0.984315,0.103968,0.980811,0.060772,0.980366,0.052794
0.721253542,0.984341,0.104221,0.980827,0.061048,0.980392,0.053298
0.723220537,0.984367,0.104473,0.980844,0.061322,0.980418,0.053797
0.725187531,0.984393,0.104724,0.980860,0.061595,0.980445,0.054291
0.727154526,0.984419,0.104975,0.980877,0.061867,0.980471,0.054781
0.729121520,0.984445,0.105226,0.980893,0.062138,0.980497,0.055266
0.731088515,0.984471,0.105475,0.980910,0.062408,0.980523,0.055747
0.733055509,0.984497,0.105725,0.980926,0.062676,0.980549,0.056224
0.735022504,0.984523,0.105973,0.980943,0.062943,0.980576,0.056697
0.736989498,0.984549,0.106221,0.980959,0.063210,0.980602,0.057166
0.738956493,0.984575,0.106468,0.980976,0.063475,0.980628,0.057631
0.740923487,0.984601,0.106715,0.980992,0.063738,0.980654,0.058093
0.742890482,0.984627,0.106961,0.981008,0.064001,0.980680,0.058550
0.744857476,0.984653,0.107207,0.981025,0.064263,0.980707,0.059005
0.746824471,0.984679,0.107452,0.981041,0.064524,0.980733,0.059455
0.748791465,0.984705,0.107696,0.981058,0.064783,0.980759,0.059902
0.750758460,0.984731,0.107940,0.981074,0.065042,0.980785,0.060346
0.752725454,0.984757,0.108183,0.981091,0.065299,0.980812,0.060787
0.754692449,0.984783,0.108426,0.981107,0.065556,0.980838,0.061224
0.756659443,0.984809,0.108668,0.981124,0.065811,0.980864,0.061659
0.758626438,0.984835,0.108910,0.981140,0.066066,0.980890,0.062090
0.760593432,0.984861,0.109151,0.981157,0.066319,0.980916,0.062518
0.762560427,0.984887,0.109391,0.981173,0.066572,0.980943,0.062943
0.764527421,0.984913,0.109631,0.981190,0.066823,0.980969,0.063366
0.766494416,0.984939,0.109870,0.981206,0.067074,0.980995,0.063785
0.768461410,0.984965,0.110109,0.981223,0.067323,0.981021,0.064202
0.770428405,0.984991,0.110348,0.981239,0.067572,0.981047,0.064616
0.772395399,0.985017,0.110585,0.981256,0.067820,0.981074,0.065027
0.774362394,0.985043,0.110823,0.981272,0.068067,0.981100,0.065436
0.776329388,0.985069,0.111059,0.981289,0.068313,0.981126,0.065842
0.778296383,0.985095,0.111296,0.981305,0.068558,0.981152,0.066246
0.780263377,0.985121,0.111531,0.981322,0.068802,0.981178,0.066647
0.782230372,0.985147,0.111767,0.981338,0.069045,0.981205,0.067046
0.784197366,0.985173,0.112001,0.981355,0.069288,0.981231,0.067442
0.786164361,0.985199,0.112236,0.981371,0.069529,0.981257,0.067836
0.788131355,0.985225,0.112469,0.981388,0.069770,0.981283,0.068228
0.790098350,0.985251,0.112702,0.981404,0.070010,0.981309,0.068618
0.792065344,0.985277,0.112935,0.981421,0.070249,0.981335,0.069005
0.794032339,0.985303,0.113167,0.981437,0.070487,0.981362,0.069390
0.795999333,0.985329,0.113399,0.981454,0.070725,0.981388,0.069773
0.797966328,0.985355,0.113630,0.981470,0.070961,0.981414,0.070154
0.799933322,0.985380,0.113861,0.981487,0.071197,0.981440,0.070532
0.801900317,0.985406,0.114091,0.981503,0.071432,0.981466,0.070909
0.803867311,0.985432,0.114321,0.981519,0.071666,0.981493,0.071284
0.805834306,0.985458,0.114550,0.981536,0.071900,0.981519,0.071656
0.807801300,0.985484,0.114779,0.981552,0.072132,0.981545,0.072027
0.809768295,0.985510,0.115007,0.981571,0.072396,0.981569,0.072364
0.811735289,0.985536,0.115235,0.981597,0.072763,0.981585,0.072596
0.813702284,0.985562,0.115462,0.981624,0.073128,0.981602,0.072826
0.815669278,0.985588,0.115689,0.981650,0.073491,0.981618,0.073056
0.817636273,0.985614,0.115916,0.981676,0.073852,0.981635,0.073285
0.819603267,0.985640,0.116142,0.981702,0.074212,0.981651,0.073513
0.821570262,0.985666,0.116367,0.981728,0.074570,0.981668,0.073741
0.823537256,0.985692,0.116593,0.981754,0.074926,0.981684,0.073968
0.825504251,0.985718,0.116817,0.981781,0.075280,0.981701,0.074194
0.827471245,0.985744,0.117041,0.981807,0.075633,0.981717,0.074419
0.829438240,0.985770,0.117265,0.981833,0.075984,0.981734,0.074644
0.831405234,0.985796,0.117489,0.981859,0.076333,0.981750,0.074868
0.833372229,0.985822,0.117711,0.981885,0.076681,0.981767,0.075091
0.835339223,0.985848,0.117934,0.981912,0.077027,0.981783,0.075314
0.837306218,0.985874,0.118156,0.981938,0.077372,0.981800,0.075536
0.839273212,0.985900,0.118378,0.981964,0.077715,0.981816,0.075758
0.841240207,0.985926,0.118599,0.981990,0.078057,0.981833,0.075978
0.843207201,0.985952,0.118819,0.982016,0.078397,0.981849,0.076198
0.845174196,0.985978,0.119040,0.982042,0.078735,0.981865,0.076418
0.847141190,0.986004,0.119260,0.982069,0.079072,0.981882,0.076637
0.849108185,0.986030,0.119479,0.982095,0.079408,0.981898,0.076855
0.851075179,0.986055,0.119698,0.982121,0.079742,0.981915,0.077072
0.853042174,0.986081,0.119917,0.982147,0.080075,0.981931,0.077289
0.855009168,0.986107,0.120135,0.982173,0.080406,0.981948,0.077506
0.856976163,0.986133,0.120353,0.982199,0.080736,0.981964,0.077721
0.858943157,0.986159,0.120570,0.982226,0.081065,0.981981,0.077936
0.860910152,0.986185,0.120787,0.982252,0.081392,0.981997,0.078151
0.862877146,0.986211,0.121004,0.982278,0.081718,0.982014,0.078365
0.864844141,0.986237,0.121220,0.982304,0.082042,0.982030,0.078578
0.866811135,0.986263,0.121436,0.982330,0.082366,0.982047,0.078791
0.868778130,0.986289,0.121651,0.982356,0.082688,0.982063,0.079003
0.870745124,0.986315,0.121866,0.982383,0.083008,0.982080,0.079214
0.872712119,0.986341,0.122081,0.982409,0.083328,0.982096,0.079425
0.874679113,0.986367,0.122295,0.982435,0.083646,0.982113,0.079636
0.876646108,0.986393,0.122509,0.982461,0.083963,0.982129,0.079846
0.878613102,0.986419,0.122722,0.982487,0.084279,0.982146,0.080055
0.880580097,0.986445,0.122935,0.982513,0.084593,0.982162,0.080264
0.882547091,0.986471,0.123148,0.982540,0.084907,0.982178,0.080472
0.884514086,0.986497,0.123360,0.982566,0.085219,0.982195,0.080679
0.886481080,0.986523,0.123572,0.982592,0.085530,0.982211,0.080887
0.888448075,0.986548,0.123783,0.982618,0.085840,0.982228,0.081093
0.890415069,0.986574,0.123995,0.982644,0.086149,0.982244,0.081299
0.892382064,0.986600,0.124205,0.982670,0.086456,0.982261,0.081505
0.894349058,0.986626,0.124416,0.982696,0.086763,0.982277,0.081710
0.896316053,0.986652,0.124626,0.982723,0.087068,0.982294,0.081914
0.898283047,0.986678,0.124835,0.982749,0.087373,0.982310,0.082118
0.900250042,0.986704,0.125045,0.982775,0.087676,0.982327,0.082321
0.902217036,0.986730,0.125254,0.982801,0.087978,0.982343,0.082524
0.904184031,0.986756,0.125462,0.982827,0.088279,0.982360,0.082727
0.906151025,0.986782,0.125670,0.982853,0.088579,0.982376,0.082929
0.908118020,0.986808,0.125878,0.982880,0.088879,0.982393,0.083130
0.910085014,0.986834,0.126086,0.982906,0.089177,0.982409,0.083331
0.912052009,0.986860,0.126293,0.982932,0.089474,0.982425,0.083531
0.914019003,0.986886,0.126500,0.982958,0.089770,0.982442,0.083731
0.915985998,0.986912,0.126706,0.982984,0.090065,0.982458,0.083931
0.917952992,0.986937,0.126912,0.983010,0.090359,0.982475,0.084130
0.919919987,0.986963,0.127118,0.983036,0.090652,0.982491,0.084328
0.921886981,0.986989,0.127323,0.983063,0.090944,0.982508,0.084526
0.923853976,0.987015,0.127528,0.983089,0.091235,0.982524,0.084724
0.925820970,0.987041,0.127733,0.983115,0.091525,0.982541,0.084921
0.927787965,0.987067,0.127937,0.983141,0.091815,0.982557,0.085117
0.929754959,0.987093,0.128141,0.983167,0.092103,0.982574,0.085313
0.931721954,0.987119,0.128345,0.983193,0.092390,0.982590,0.085509
0.933688948,0.987145,0.128548,0.983219,0.092677,0.982607,0.085704
0.935655943,0.987171,0.128751,0.983246,0.092962,0.982623,0.085899
0.937622937,0.987197,0.128954,0.983272,0.093247,0.982639,0.086093
0.939589932,0.987223,0.129156,0.983298,0.093531,0.982656,0.086287
0.941556926,0.987249,0.129358,0.983324,0.093814,0.982672,0.086481
0.943523921,0.987275,0.129560,0.983350,0.094096,0.982689,0.086674
0.945490915,0.987300,0.129762,0.983376,0.094377,0.982705,0.086866
0.947457910,0.987326,0.129963,0.983402,0.094658,0.982722,0.087058
0.949424904,0.987352,0.130163,0.983429,0.094937,0.982738,0.087250
0.951391899,0.987378,0.130364,0.983455,0.095216,0.982755,0.087441
0.953358893,0.987404,0.130564,0.983481,0.095494,0.982771,0.087632
0.955325888,0.987430,0.130763,0.983507,0.095771,0.982788,0.087822
0.957292882,0.987456,0.130963,0.983533,0.096047,0.982804,0.088012
0.959259877,0.987482,0.131162,0.983559,0.096322,0.982820,0.088202
0.961226871,0.987508,0.131361,0.983585,0.096597,0.982837,0.088391
0.963193866,0.987534,0.131559,0.983611,0.096870,0.982853,0.088580
0.965160860,0.987560,0.131757,0.983638,0.097143,0.982870,0.088768
0.967127855,0.987586,0.131955,0.983664,0.097416,0.982886,0.088956
0.969094849,0.987611,0.132153,0.983690,0.097687,0.982903,0.089144
0.971061844,0.987637,0.132350,0.983716,0.097958,0.982919,0.089331
0.973028838,0.987663,0.132547,0.983742,0.098228,0.982936,0.089517
0.974995833,0.987689,0.132743,0.983768,0.098497,0.982952,0.089704
0.976962827,0.987715,0.132940,0.983794,0.098765,0.982969,0.089890
0.978929822,0.987741,0.133136,0.983820,0.099033,0.982985,0.090075
0.980896816,0.987767,0.133331,0.983847,0.099300,0.983002,0.090260
0.982863811,0.987793,0.133527,0.983873,0.099566,0.983018,0.090445
0.984830805,0.987819,0.133722,0.983899,0.099831,0.983034,0.090629
0.986797800,0.987845,0.133917,0.983925,0.100096,0.983051,0.090813
0.988764794,0.987871,0.134111,0.983951,0.100360,0.983067,0.090997
0.990731789,0.987896,0.134305,0.983977,0.100623,0.983084,0.091180
0.992698783,0.987922,0.134499,0.984003,0.100886,0.983100,0.091363
0.994665778,0.987948,0.134693,0.984029,0.101148,0.983117,0.091546
0.996632772,0.987974,0.134886,0.984056,0.101409,0.983133,0.091728
0.998599767,0.988000,0.135079,0.984082,0.101669,0.983150,0.091909
1.000566761,0.988026,0.135272,0.984108,0.101929,0.983166,0.092091
1.002533756,0.988052,0.135465,0.984134,0.102188,0.983182,0.092272
1.004500750,0.988078,0.135657,0.984160,0.102447,0.983199,0.092453
1.006467745,0.988104,0.135849,0.984186,0.102704,0.983215,0.092633
1.008434739,0.988130,0.136040,0.984212,0.102962,0.983232,0.092813
1.010401734,0.988155,0.136232,0.984238,0.103218,0.983248,0.092992
1.012368728,0.988181,0.136423,0.984264,0.103474,0.983265,0.093172
1.014335723,0.988207,0.136613,0.984291,0.103729,0.983281,0.093350
1.016302717,0.988233,0.136804,0.984317,0.103984,0.983298,0.093529
1.018269712,0.988259,0.136994,0.984343,0.104237,0.983314,0.093707
1.020236706,0.988285,0.137184,0.984369,0.104491,0.983331,0.093885
1.022203701,0.988311,0.137374,0.984395,0.104743,0.983347,0.094062
1.024170695,0.988337,0.137563,0.984421,0.104995,0.983363,0.094240
1.026137690,0.988363,0.137752,0.984447,0.105247,0.983380,0.094416
1.028104684,0.988389,0.137941,0.984473,0.105497,0.983396,0.094593
1.030071679,0.988414,0.138130,0.984499,0.105747,0.983413,0.094769
1.032038673,0.988440,0.138318,0.984526,0.105997,0.983429,0.094945
1.034005668,0.988466,0.138506,0.984552,0.106246,0.983446,0.095120
1.035972662,0.988492,0.138694,0.984578,0.106494,0.983462,0.095295
1.037939657,0.988518,0.138881,0.984604,0.106742,0.983479,0.095470
1.039906651,0.988544,0.139068,0.984630,0.106989,0.983495,0.095645
1.041873646,0.988570,0.139255,0.984656,0.107236,0.983511,0.095819
1.043840640,0.988596,0.139442,0.984682,0.107482,0.983528,0.095992
1.045807635,0.988622,0.139629,0.984708,0.107727,0.983544,0.096166
1.047774629,0.988647,0.139815,0.984734,0.107972,0.983561,0.096339
1.049741624,0.988673,0.140001,0.984761,0.108216,0.983577,0.096512
1.051708618,0.988699,0.140186,0.984787,0.108460,0.983594,0.096685
1.053675613,0.988725,0.140372,0.984813,0.108703,0.983610,0.096857
1.055642607,0.988751,0.140557,0.984839,0.108945,0.983627,0.097029
1.057609602,0.988777,0.140742,0.984865,0.109187,0.983643,0.097200
1.059576596,0.988803,0.140926,0.984891,0.109429,0.983659,0.097372
1.061543591,0.988829,0.141111,0.984917,0.109670,0.983676,0.097543
1.063510585,0.988854,0.141295,0.984943,0.109910,0.983692,0.097713
1.065477580,0.988880,0.141479,0.984969,0.110150,0.983709,0.097884
1.067444574,0.988906,0.141662,0.984995,0.110389,0.983725,0.098054
1.069411569,0.988932,0.141846,0.985021,0.110628,0.983742,0.098223
1.071378563,0.988958,0.142029,0.985048,0.110866,0.983758,0.098393
1.073345558,0.988984,0.142212,0.985074,0.111104,0.983775,0.098562
1.075312552,0.989010,0.142394,0.985100,0.111341,0.983791,0.098731
1.077279547,0.989036,0.142577,0.985126,0.111578,0.983807,0.098899
1.079246541,0.989061,0.142759,0.985152,0.111814,0.983824,0.099068
1.081213536,0.989087,0.142941,0.985178,0.112049,0.983840,0.099236
1.083180530,0.989113,0.143122,0.985204,0.112284,0.983857,0.099403
1.085147525,0.989139,0.143304,0.985230,0.112519,0.983873,0.099571
1.087114519,0.989165,0.143485,0.985256,0.112753,0.983890,0.099738
1.089081514,0.989191,0.143666,0.985282,0.112987,0.983906,0.099905
1.091048508,0.989217,0.143846,0.985308,0.113220,0.983923,0.100071
1.093015503,0.989243,0.144027,0.985335,0.113452,0.983939,0.100238
1.094982497,0.989268,0.144207,0.985361,0.113684,0.983955,0.100404
1.096949492,0.989294,0.144387,0.985387,0.113916,0.983972,0.100569
1.098916486,0.989320,0.144567,0.985413,0.114147,0.983988,0.100735
1.100883481,0.989346,0.144746,0.985439,0.114378,0.984005,0.100900
1.102850475,0.989372,0.144925,0.985465,0.114608,0.984021,0.101065
1.104817470,0.989398,0.145104,0.985491,0.114838,0.984038,0.101229
1.106784464,0.989424,0.145283,0.985517,0.115067,0.984054,0.101394
1.108751459,0.989449,0.145462,0.985543,0.115296,0.984070,0.101558
1.110718453,0.989475,0.145640,0.985569,0.115524,0.984087,0.101721
1.112685448,0.989501,0.145818,0.985595,0.115752,0.984103,0.101885
1.114652442,0.989527,0.145996,0.985621,0.115979,0.984120,0.102048
1.116619437,0.989553,0.146174,0.985647,0.116206,0.984136,0.102211
1.118586431,0.989579,0.146351,0.985674,0.116432,0.984153,0.102374
1.120553426,0.989605,0.146528,0.985700,0.116658,0.984169,0.102536
1.122520420,0.989631,0.146705,0.985726,0.116884,0.984186,0.102698
1.124487415,0.989656,0.146882,0.985752,0.117109,0.984202,0.102860
1.126454409,0.989682,0.147058,0.985778,0.117333,0.984218,0.103022
1.128421404,0.989708,0.147235,0.985804,0.117557,0.984235,0.103183
1.130388398,0.989734,0.147411,0.985830,0.117781,0.984251,0.103344
1.132355393,0.989760,0.147587,0.985856,0.118004,0.984268,0.103505
1.134322387,0.989786,0.147762,0.985882,0.118227,0.984284,0.103666
1.136289382,0.989812,0.147938,0.985908,0.118450,0.984301,0.103826
1.138256376,0.989837,0.148113,0.985934,0.118672,0.984317,0.103986
1.140223371,0.989863,0.148288,0.985960,0.118893,0.984333,0.104146
1.142190365,0.989889,0.148462,0.985986,0.119114,0.984350,0.104306
1.144157360,0.989915,0.148637,0.986012,0.119335,0.984366,0.104465
1.146124354,0.989941,0.148811,0.986039,0.119555,0.984383,0.104624
1.148091349,0.989967,0.148985,0.986065,0.119775,0.984399,0.104783
1.150058343,0.989992,0.149159,0.986091,0.119995,0.984416,0.104941
1.152025338,0.990018,0.149333,0.986117,0.120214,0.984432,0.105100
1.153992332,0.990044,0.149506,0.986143,0.120432,0.984448,0.105258
1.155959327,0.990070,0.149679,0.986169,0.120650,0.984465,0.105416
1.157926321,0.990096,0.149852,0.986195,0.120868,0.984481,0.105573
1.159893316,0.990122,0.150025,0.986221,0.121086,0.984498,0.105731
1.161860310,0.990148,0.150198,0.986247,0.121302,0.984514,0.105888
1.163827305,0.990173,0.150370,0.986273,0.121519,0.984531,0.106045
1.165794299,0.990199,0.150542,0.986299,0.121735,0.984547,0.106201
1.167761294,0.990225,0.150714,0.986325,0.121951,0.984563,0.106358
1.169728288,0.990251,0.150886,0.986351,0.122166,0.984580,0.106514
1.171695283,0.990277,0.151058,0.986377,0.122381,0.984596,0.106670
1.173662277,0.990303,0.151229,0.986403,0.122596,0.984613,0.106826
1.175629272,0.990328,0.151400,0.986429,0.122810,0.984629,0.106981
1.177596266,0.990354,0.151571,0.986456,0.123024,0.984646,0.107136
1.179563261,0.990380,0.151742,0.986482,0.123237,0.984662,0.107291
1.181530255,0.990406,0.151912,0.986508,0.123450,0.984678,0.107446
1.183497250,0.990432,0.152083,0.986534,0.123663,0.984695,0.107601
1.185464244,0.990458,0.152253,0.986560,0.123875,0.984711,0.107755
1.187431239,0.990484,0.152423,0.986586,0.124087,0.984728,0.107909
1.189398233,0.990509,0.152592,0.986612,0.124299,0.984744,0.108063
1.191365228,0.990535,0.152762,0.986638,0.124510,0.984761,0.108217
1.193332222,0.990561,0.152931,0.986664,0.124721,0.984777,0.108370
1.195299217,0.990587,0.153100,0.986690,0.124931,0.984793,0.108523
1.197266211,0.990613,0.153269,0.986716,0.125141,0.984810,0.108676
1.199233206,0.990639,0.153438,0.986742,0.125351,0.984826,0.108829
1.201200200,0.990664,0.153606,0.986768,0.125560,0.984843,0.108981
1.203167195,0.990690,0.153775,0.986794,0.125769,0.984859,0.109134
1.205134189,0.990716,0.153943,0.986820,0.125978,0.984876,0.109286
1.207101184,0.990742,0.154111,0.986846,0.126186,0.984892,0.109438
1.209068178,0.990768,0.154278,0.986872,0.126394,0.984908,0.109589
1.211035173,0.990794,0.154446,0.986898,0.126601,0.984925,0.109741
1.213002167,0.990819,0.154613,0.986924,0.126808,0.984941,0.109892
1.214969162,0.990845,0.154781,0.986950,0.127015,0.984958,0.110043
1.216936156,0.990871,0.154947,0.986976,0.127222,0.984974,0.110194
1.218903151,0.990897,0.155114,0.987003,0.127428,0.984990,0.110344
1.220870145,0.990923,0.155281,0.987029,0.127633,0.985007,0.110495
1.222837140,0.990948,0.155447,0.987055,0.127839,0.985023,0.110645
1.224804134,0.990974,0.155613,0.987081,0.128044,0.985040,0.110795
1.226771129,0.991000,0.155779,0.987107,0.128249,0.985056,0.110945
1.228738123,0.991026,0.155945,0.987133,0.128453,0.985073,0.111094
1.230705118,0.991052,0.156111,0.987159,0.128657,0.985089,0.111243
1.232672112,0.991078,0.156276,0.987185,0.128861,0.985105,0.111393
1.234639107,0.991103,0.156442,0.987211,0.129064,0.985122,0.111541
1.236606101,0.991129,0.156607,0.987237,0.129267,0.985138,0.111690
1.238573096,0.991155,0.156772,0.987263,0.129470,0.985155,0.111839
1.240540090,0.991181,0.156936,0.987289,0.129672,0.985171,0.111987
1.242507085,0.991207,0.157101,0.987315,0.129874,0.985188,0.112135
1.244474079,0.991233,0.157265,0.987341,0.130076,0.985204,0.112283
1.246441074,0.991258,0.157429,0.987367,0.130277,0.985220,0.112431
1.248408068,0.991284,0.157593,0.987393,0.130478,0.985237,0.112578
1.250375063,0.991310,0.157757,0.987419,0.130679,0.985253,0.112725
1.252342057,0.991336,0.157921,0.987445,0.130879,0.985270,0.112872
1.254309052,0.991362,0.158084,0.987471,0.131080,0.985286,0.113019
1.256276046,0.991387,0.158247,0.987497,0.131279,0.985302,0.113166
1.258243041,0.991413,0.158410,0.987523,0.131479,0.985319,0.113313
1.260210035,0.991439,0.158573,0.987549,0.131678,0.985335,0.113459
1.262177030,0.991465,0.158736,0.987575,0.131877,0.985352,0.113605
1.264144024,0.991491,0.158899,0.987601,0.132075,0.985368,0.113751
1.266111019,0.991516,0.159061,0.987627,0.132273,0.985385,0.113897
1.268078013,0.991542,0.159223,0.987653,0.132471,0.985401,0.114042
1.270045008,0.991568,0.159385,0.987679,0.132669,0.985417,0.114187
1.272012002,0.991594,0.159547,0.987705,0.132866,0.985434,0.114333
1.273978996,0.991620,0.159709,0.987731,0.133063,0.985450,0.114478
1.275945991,0.991645,0.159870,0.987757,0.133260,0.985467,0.114622
1.277912985,0.991671,0.160031,0.987783,0.133456,0.985483,0.114767
1.279879980,0.991697,0.160193,0.987809,0.133652,0.985499,0.114911
1.281846974,0.991723,0.160354,0.987835,0.133848,0.985516,0.115055
1.283813969,0.991749,0.160514,0.987861,0.134043,0.985532,0.115199
1.285780963,0.991775,0.160675,0.987888,0.134239,0.985549,0.115343
1.287747958,0.991800,0.160835,0.987914,0.134434,0.985565,0.115487
1.289714952,0.991826,0.160996,0.987940,0.134628,0.985581,0.115630
1.291681947,0.991852,0.161156,0.987966,0.134822,0.985598,0.115774
1.293648941,0.991878,0.161316,0.987992,0.135016,0.985614,0.115917
1.295615936,0.991904,0.161475,0.988018,0.135210,0.985631,0.116060
1.297582930,0.991929,0.161635,0.988044,0.135403,0.985647,0.116202
1.299549925,0.991955,0.161794,0.988070,0.135597,0.985664,0.116345
1.301516919,0.991981,0.161954,0.988096,0.135789,0.985680,0.116487
1.303483914,0.992007,0.162113,0.988122,0.135982,0.985696,0.116629
1.305450908,0.992033,0.162272,0.988148,0.136174,0.985713,0.116771
1.307417903,0.992058,0.162431,0.988174,0.136366,0.985729,0.116913
1.309384897,0.992084,0.162589,0.988200,0.136558,0.985746,0.117055
1.311351892,0.992110,0.162748,0.988226,0.136749,0.985762,0.117196
1.313318886,0.992136,0.162906,0.988252,0.136940,0.985778,0.117338
1.315285881,0.992161,0.163064,0.988278,0.137131,0.985795,0.117479
1.317252875,0.992187,0.163222,0.988304,0.137322,0.985811,0.117620
1.319219870,0.992213,0.163380,0.988330,0.137512,0.985828,0.117761
1.321186864,0.992239,0.163537,0.988356,0.137702,0.985844,0.117901
1.323153859,0.992265,0.163695,0.988382,0.137892,0.985860,0.118042
1.325120853,0.992290,0.163852,0.988408,0.138081,0.985877,0.118182
1.327087848,0.992316,0.164009,0.988434,0.138270,0.985893,0.118322
1.329054842,0.992342,0.164166,0.988460,0.138459,0.985910,0.118462
1.331021837,0.992368,0.164323,0.988486,0.138648,0.985926,0.118601
1.332988831,0.992394,0.164479,0.988512,0.138836,0.985942,0.118741
1.334955826,0.992419,0.164636,0.988538,0.139024,0.985959,0.118880
1.336922820,0.992445,0.164792,0.988564,0.139212,0.985975,0.119020
1.338889815,0.992471,0.164948,0.988590,0.139400,0.985992,0.119159
1.340856809,0.992497,0.165104,0.988616,0.139587,0.986008,0.119298
1.342823804,0.992523,0.165260,0.988642,0.139774,0.986024,0.119436
1.344790798,0.992548,0.165416,0.988668,0.139961,0.986041,0.119575
1.346757793,0.992574,0.165571,0.988694,0.140147,0.986057,0.119713
1.348724787,0.992600,0.165727,0.988720,0.140334,0.986074,0.119851
1.350691782,0.992626,0.165882,0.988746,0.140520,0.986090,0.119989
1.352658776,0.992651,0.166037,0.988772,0.140705,0.986106,0.120127
1.354625771,0.992677,0.166192,0.988798,0.140891,0.986123,0.120265
1.356592765,0.992703,0.166347,0.988824,0.141076,0.986139,0.120403
1.358559760,0.992729,0.166501,0.988850,0.141261,0.986156,0.120540
1.360526754,0.992755,0.166656,0.988876,0.141446,0.986172,0.120677
1.362493749,0.992780,0.166810,0.988902,0.141630,0.986188,0.120814
1.364460743,0.992806,0.166964,0.988928,0.141814,0.986205,0.120951
1.366427738,0.992832,0.167118,0.988954,0.141998,0.986221,0.121088
1.368394732,0.992858,0.167272,0.988980,0.142182,0.986238,0.121225
1.370361727,0.992883,0.167426,0.989006,0.142365,0.986254,0.121361
1.372328721,0.992909,0.167579,0.989032,0.142549,0.986271,0.121497
1.374295716,0.992935,0.167733,0.989058,0.142732,0.986287,0.121633
1.376262710,0.992961,0.167886,0.989084,0.142914,0.986303,0.121769
1.378229705,0.992987,0.168039,0.989110,0.143097,0.986320,0.121905
1.380196699,0.993012,0.168192,0.989136,0.143279,0.986336,0.122041
1.382163694,0.993038,0.168344,0.989162,0.143461,0.986352,0.122176
1.384130688,0.993064,0.168497,0.989188,0.143643,0.986369,0.122311
1.386097683,0.993090,0.168650,0.989214,0.143824,0.986385,0.122447
1.388064677,0.993115,0.168802,0.989239,0.144005,0.986402,0.122582
1.390031672,0.993141,0.168954,0.989265,0.144186,0.986418,0.122717
1.391998666,0.993167,0.169106,0.989291,0.144367,0.986434,0.122851
1.393965661,0.993193,0.169258,0.989317,0.144548,0.986451,0.122986
1.395932655,0.993218,0.169410,0.989343,0.144728,0.986467,0.123120
1.397899650,0.993244,0.169561,0.989369,0.144908,0.986484,0.123254
1.399866644,0.993270,0.169713,0.989395,0.145088,0.986500,0.123389
1.401833639,0.993296,0.169864,0.989421,0.145267,0.986516,0.123522
1.403800633,0.993322,0.170015,0.989447,0.145447,0.986533,0.123656
1.405767628,0.993347,0.170166,0.989473,0.145626,0.986549,0.123790
1.407734622,0.993373,0.170317,0.989499,0.145805,0.986566,0.123923
1.409701617,0.993399,0.170468,0.989525,0.145983,0.986582,0.124057
1.411668611,0.993425,0.170618,0.989551,0.146162,0.986598,0.124190
1.413635606,0.993450,0.170769,0.989577,0.146340,0.986615,0.124323
1.415602600,0.993476,0.170919,0.989603,0.146518,0.986631,0.124456
1.417569595,0.993502,0.171069,0.989629,0.146696,0.986648,0.124589
1.419536589,0.993528,0.171219,0.989655,0.146873,0.986664,0.124721
1.421503584,0.993553,0.171369,0.989681,0.147050,0.986680,0.124854
1.423470578,0.993579,0.171519,0.989707,0.147227,0.986697,0.124986
1.425437573,0.993605,0.171668,0.989733,0.147404,0.986713,0.125118
1.427404567,0.993631,0.171818,0.989759,0.147581,0.986730,0.125250
1.429371562,0.993656,0.171967,0.989785,0.147757,0.986746,0.125382
1.431338556,0.993682,0.172116,0.989811,0.147933,0.986762,0.125514
1.433305551,0.993708,0.172265,0.989837,0.148109,0.986779,0.125645
1.435272545,0.993734,0.172414,0.989863,0.148285,0.986795,0.125777
1.437239540,0.993759,0.172563,0.989889,0.148461,0.986812,0.125908
1.439206534,0.993785,0.172712,0.989915,0.148636,0.986828,0.126039
1.441173529,0.993811,0.172860,0.989941,0.148811,0.986844,0.126170
1.443140523,0.993837,0.173008,0.989967,0.148986,0.986861,0.126301
1.445107518,0.993862,0.173157,0.989993,0.149160,0.986877,0.126432
1.447074512,0.993888,0.173305,0.990019,0.149335,0.986894,0.126562
1.449041507,0.993914,0.173453,0.990045,0.149509,0.986910,0.126693
1.451008501,0.993940,0.173600,0.990071,0.149683,0.986926,0.126823
1.452975496,0.993965,0.173748,0.990097,0.149857,0.986943,0.126953
1.454942490,0.993991,0.173896,0.990122,0.150030,0.986959,0.127083
1.456909485,0.994017,0.174043,0.990148,0.150203,0.986975,0.127213
1.458876479,0.994043,0.174190,0.990174,0.150377,0.986992,0.127343
1.460843474,0.994068,0.174337,0.990200,0.150549,0.987008,0.127473
1.462810468,0.994094,0.174484,0.990226,0.150722,0.987025,0.127602
1.464777463,0.994120,0.174631,0.990252,0.150895,0.987041,0.127731
1.466744457,0.994146,0.174778,0.990278,0.151067,0.987057,0.127861
1.468711452,0.994171,0.174924,0.990304,0.151239,0.987074,0.127990
1.470678446,0.994197,0.175071,0.990330,0.151411,0.987090,0.128119
1.472645441,0.994223,0.175217,0.990356,0.151583,0.987107,0.128247
1.474612435,0.994249,0.175363,0.990382,0.151754,0.987123,0.128376
1.476579430,0.994274,0.175509,0.990408,0.151925,0.987139,0.128505
1.478546424,0.994300,0.175655,0.990434,0.152096,0.987156,0.128633
1.480513419,0.994326,0.175801,0.990460,0.152267,0.987172,0.128761
1.482480413,0.994352,0.175947,0.990486,0.152438,0.987188,0.128889
1.484447408,0.994377,0.176092,0.990512,0.152608,0.987205,0.129017
1.486414402,0.994403,0.176238,0.990538,0.152778,0.987221,0.129145
1.488381397,0.994429,0.176383,0.990564,0.152948,0.987238,0.129273
1.490348391,0.994454,0.176528,0.990590,0.153118,0.987254,0.129400
1.492315386,0.994480,0.176673,0.990616,0.153288,0.987270,0.129528
1.494282380,0.994506,0.176818,0.990641,0.153457,0.987287,0.129655
1.496249375,0.994532,0.176963,0.990667,0.153626,0.987303,0.129782
1.498216369,0.994557,0.177107,0.990693,0.153796,0.987320,0.129910
1.500183364,0.994583,0.177252,0.990719,0.153964,0.987336,0.130037
1.502150358,0.994609,0.177396,0.990745,0.154133,0.987352,0.130163
1.504117353,0.994635,0.177540,0.990771,0.154301,0.987369,0.130290
1.506084347,0.994660,0.177684,0.990797,0.154470,0.987385,0.130417
1.508051342,0.994686,0.177828,0.990823,0.154638,0.987401,0.130543
1.510018336,0.994712,0.177972,0.990849,0.154806,0.987418,0.130669
1.511985331,0.994737,0.178116,0.990875,0.154973,0.987434,0.130795
1.513952325,0.994763,0.178259,0.990901,0.155141,0.987451,0.130922
1.515919320,0.994789,0.178403,0.990927,0.155308,0.987467,0.131047
1.517886314,0.994815,0.178546,0.990953,0.155475,0.987483,0.131173
1.519853309,0.994840,0.178690,0.990979,0.155642,0.987500,0.131299
1.521820303,0.994866,0.178833,0.991005,0.155809,0.987516,0.131424
1.523787298,0.994892,0.178976,0.991031,0.155975,0.987532,0.131550
1.525754292,0.994918,0.179118,0.991057,0.156141,0.987549,0.131675
1.527721287,0.994943,0.179261,0.991082,0.156308,0.987565,0.131800
1.529688281,0.994969,0.179404,0.991108,0.156474,0.987582,0.131925
1.531655276,0.994995,0.179546,0.991134,0.156639,0.987598,0.132050
1.533622270,0.995020,0.179689,0.991160,0.156805,0.987614,0.132175
1.535589265,0.995046,0.179831,0.991186,0.156970,0.987631,0.132300
1.537556259,0.995072,0.179973,0.991212,0.157135,0.987647,0.132424
1.539523254,0.995098,0.180115,0.991238,0.157300,0.987664,0.132549
1.541490248,0.995123,0.180257,0.991264,0.157465,0.987680,0.132673
1.543457243,0.995149,0.180399,0.991290,0.157630,0.987696,0.132797
1.545424237,0.995175,0.180540,0.991316,0.157794,0.987713,0.132921
1.547391232,0.995200,0.180682,0.991342,0.157959,0.987729,0.133045
1.549358226,0.995226,0.180823,0.991368,0.158123,0.987745,0.133169
1.551325221,0.995252,0.180964,0.991394,0.158287,0.987762,0.133293
1.553292215,0.995278,0.181106,0.991420,0.158450,0.987778,0.133416
1.555259210,0.995303,0.181247,0.991445,0.158614,0.987795,0.133540
1.557226204,0.995329,0.181387,0.991471,0.158777,0.987811,0.133663
1.559193199,0.995355,0.181528,0.991497,0.158941,0.987827,0.133786
1.561160193,0.995380,0.181669,0.991523,0.159104,0.987844,0.133909
1.563127188,0.995406,0.181809,0.991549,0.159266,0.987860,0.134032
1.565094182,0.995432,0.181950,0.991575,0.159429,0.987876,0.134155
1.567061177,0.995458,0.182090,0.991601,0.159592,0.987893,0.134278
1.569028171,0.995483,0.182230,0.991627,0.159754,0.987909,0.134401
1.570995166,0.995509,0.182370,0.991653,0.159916,0.987926,0.134523
1.572962160,0.995535,0.182510,0.991679,0.160078,0.987942,0.134645
1.574929155,0.995560,0.182650,0.991705,0.160240,0.987958,0.134768
1.576896149,0.995586,0.182790,0.991731,0.160401,0.987975,0.134890
1.578863144,0.995612,0.182930,0.991757,0.160563,0.987991,0.135012
1.580830138,0.995638,0.183069,0.991782,0.160724,0.988007,0.135134
1.582797133,0.995663,0.183209,0.991808,0.160885,0.988024,0.135256
1.584764127,0.995689,0.183348,0.991834,0.161046,0.988040,0.135377
1.586731122,0.995715,0.183487,0.991860,0.161207,0.988056,0.135499
1.588698116,0.995740,0.183626,0.991886,0.161367,0.988073,0.135620
1.590665111,0.995766,0.183765,0.991912,0.161528,0.988089,0.135742
1.592632105,0.995792,0.183904,0.991938,0.161688,0.988106,0.135863
1.594599100,0.995817,0.184042,0.991964,0.161848,0.988122,0.135984
1.596566094,0.995843,0.184181,0.991990,0.162008,0.988138,0.136105
1.598533089,0.995869,0.184319,0.992016,0.162168,0.988155,0.136226
1.600500083,0.995895,0.184458,0.992042,0.162327,0.988171,0.136347
1.602467078,0.995920,0.184596,0.992067,0.162487,0.988187,0.136468
1.604434072,0.995946,0.184734,0.992093,0.162646,0.988204,0.136588
1.606401067,0.995972,0.184872,0.992119,0.162805,0.988220,0.136709
1.608368061,0.995997,0.185010,0.992145,0.162964,0.988237,0.136829
1.610335056,0.996023,0.185148,0.992171,0.163122,0.988253,0.136949
1.612302050,0.996049,0.185285,0.992197,0.163281,0.988269,0.137069
1.614269045,0.996074,0.185423,0.992223,0.163439,0.988286,0.137189
1.616236039,0.996100,0.185561,0.992249,0.163598,0.988302,0.137309
1.618203034,0.996126,0.185698,0.992275,0.163756,0.988318,0.137429
1.620170028,0.996151,0.185835,0.992301,0.163914,0.988335,0.137549
1.622137023,0.996177,0.185972,0.992326,0.164071,0.988351,0.137668
1.624104017,0.996203,0.186109,0.992352,0.164229,0.988367,0.137788
1.626071012,0.996229,0.186246,0.992378,0.164386,0.988384,0.137907
1.628038006,0.996254,0.186383,0.992404,0.164544,0.988400,0.138026
1.630005001,0.996280,0.186520,0.992430,0.164701,0.988417,0.138145
1.631971995,0.996306,0.186656,0.992456,0.164858,0.988433,0.138264
1.633938990,0.996331,0.186793,0.992482,0.165014,0.988449,0.138383
1.635905984,0.996357,0.186929,0.992508,0.165171,0.988466,0.138502
1.637872979,0.996383,0.187065,0.992534,0.165327,0.988482,0.138621
1.639839973,0.996408,0.187201,0.992560,0.165484,0.988498,0.138739
1.641806968,0.996434,0.187337,0.992585,0.165640,0.988515,0.138858
1.643773962,0.996460,0.187473,0.992611,0.165796,0.988531,0.138976
1.645740957,0.996485,0.187609,0.992637,0.165952,0.988547,0.139095
1.647707951,0.996511,0.187745,0.992663,0.166107,0.988564,0.139213
1.649674946,0.996537,0.187880,0.992689,0.166263,0.988580,0.139331
1.651641940,0.996562,0.188016,0.992715,0.166418,0.988597,0.139449
1.653608935,0.996588,0.188151,0.992741,0.166573,0.988613,0.139567
1.655575929,0.996614,0.188287,0.992767,0.166728,0.988629,0.139684
1.657542924,0.996639,0.188422,0.992793,0.166883,0.988646,0.139802
1.659509918,0.996665,0.188557,0.992818,0.167038,0.988662,0.139920
1.661476913,0.996691,0.188692,0.992844,0.167193,0.988678,0.140037
1.663443907,0.996716,0.188827,0.992870,0.167347,0.988695,0.140154
1.665410902,0.996742,0.188961,0.992896,0.167501,0.988711,0.140272
1.667377896,0.996768,0.189096,0.992922,0.167655,0.988727,0.140389
1.669344891,0.996793,0.189230,0.992948,0.167809,0.988744,0.140506
1.671311885,0.996819,0.189365,0.992974,0.167963,0.988760,0.140623
1.673278880,0.996845,0.189499,0.993000,0.168117,0.988777,0.140740
1.675245874,0.996870,0.189633,0.993026,0.168270,0.988793,0.140856
1.677212869,0.996896,0.189768,0.993051,0.168424,0.988809,0.140973
1.679179863,0.996922,0.189902,0.993077,0.168577,0.988826,0.141089
1.681146858,0.996948,0.190035,0.993103,0.168730,0.988842,0.141206
1.683113852,0.996973,0.190169,0.993129,0.168883,0.988858,0.141322
1.685080847,0.996999,0.190303,0.993155,0.169036,0.988875,0.141438
1.687047841,0.997025,0.190437,0.993181,0.169188,0.988891,0.141554
1.689014836,0.997050,0.190570,0.993207,0.169341,0.988907,0.141670
1.690981830,0.997076,0.190703,0.993233,0.169493,0.988924,0.141786
1.692948825,0.997102,0.190837,0.993258,0.169645,0.988940,0.141902
1.694915819,0.997127,0.190970,0.993284,0.169797,0.988956,0.142018
1.696882814,0.997153,0.191103,0.993310,0.169949,0.988973,0.142134
1.698849808,0.997179,0.191236,0.993336,0.170101,0.988989,0.142249
1.700816803,0.997204,0.191369,0.993362,0.170252,0.989005,0.142364
1.702783797,0.997230,0.191502,0.993388,0.170404,0.989022,0.142480
1.704750792,0.997255,0.191634,0.993414,0.170555,0.989038,0.142595
1.706717786,0.997281,0.191767,0.993440,0.170706,0.989055,0.142710
1.708684781,0.997307,0.191899,0.993465,0.170857,0.989071,0.142825
1.710651775,0.997332,0.192032,0.993491,0.171008,0.989087,0.142940
1.712618770,0.997358,0.192164,0.993517,0.171159,0.989104,0.143055
1.714585764,0.997384,0.192296,0.993543,0.171309,0.989120,0.143170
1.716552759,0.997409,0.192428,0.993569,0.171460,0.989136,0.143284
1.718519753,0.997435,0.192560,0.993595,0.171610,0.989153,0.143399
1.720486748,0.997461,0.192692,0.993621,0.171760,0.989169,0.143513
1.722453742,0.997486,0.192824,0.993647,0.171910,0.989185,0.143628
1.724420737,0.997512,0.192956,0.993672,0.172060,0.989202,0.143742
1.726387731,0.997538,0.193087,0.993698,0.172210,0.989218,0.143856
1.728354726,0.997563,0.193219,0.993724,0.172359,0.989234,0.143970
1.730321720,0.997589,0.193350,0.993750,0.172509,0.989251,0.144084
1.732288715,0.997615,0.193481,0.993776,0.172658,0.989267,0.144198
1.734255709,0.997640,0.193613,0.993802,0.172807,0.989283,0.144312
1.736222704,0.997666,0.193744,0.993828,0.172956,0.989300,0.144425
1.738189698,0.997692,0.193875,0.993853,0.173105,0.989316,0.144539
1.740156693,0.997717,0.194006,0.993879,0.173254,0.989333,0.144652
1.742123687,0.997743,0.194136,0.993905,0.173402,0.989349,0.144766
1.744090682,0.997769,0.194267,0.993931,0.173551,0.989365,0.144879
1.746057676,0.997794,0.194398,0.993957,0.173699,0.989382,0.144992
1.748024671,0.997820,0.194528,0.993983,0.173847,0.989398,0.145105
1.749991665,0.997846,0.194659,0.994009,0.173996,0.989414,0.145219
1.751958660,0.997871,0.194789,0.994034,0.174143,0.989431,0.145331
1.753925654,0.997897,0.194919,0.994060,0.174291,0.989447,0.145444
1.755892649,0.997922,0.195049,0.994086,0.174439,0.989463,0.145557
1.757859643,0.997948,0.195179,0.994112,0.174586,0.989480,0.145670
1.759826638,0.997974,0.195309,0.994138,0.174734,0.989496,0.145782
1.761793632,0.997999,0.195439,0.994164,0.174881,0.989512,0.145895
1.763760627,0.998025,0.195569,0.994190,0.175028,0.989529,0.146007
1.765727621,0.998051,0.195698,0.994215,0.175175,0.989545,0.146119
1.767694616,0.998076,0.195828,0.994241,0.175322,0.989561,0.146232
1.769661610,0.998102,0.195957,0.994267,0.175469,0.989578,0.146344
1.771628605,0.998128,0.196087,0.994293,0.175615,0.989594,0.146456
1.773595599,0.998153,0.196216,0.994319,0.175762,0.989610,0.146568
1.775562594,0.998179,0.196345,0.994345,0.175908,0.989627,0.146679
1.777529588,0.998205,0.196474,0.994371,0.176054,0.989643,0.146791
1.779496583,0.998230,0.196603,0.994396,0.176200,0.989659,0.146903
1.781463577,0.998256,0.196732,0.994422,0.176346,0.989676,0.147014
1.783430572,0.998281,0.196861,0.994448,0.176492,0.989692,0.147126
1.785397566,0.998307,0.196990,0.994474,0.176638,0.989708,0.147237
1.787364561,0.998333,0.197118,0.994500,0.176783,0.989725,0.147349
1.789331555,0.998358,0.197247,0.994526,0.176929,0.989741,0.147460
1.791298550,0.998384,0.197375,0.994551,0.177074,0.989758,0.147571
1.793265544,0.998410,0.197504,0.994577,0.177219,0.989774,0.147682
1.795232539,0.998435,0.197632,0.994603,0.177364,0.989790,0.147793
1.797199533,0.998461,0.197760,0.994629,0.177509,0.989807,0.147904
1.799166528,0.998486,0.197888,0.994655,0.177654,0.989823,0.148014
1.801133522,0.998512,0.198016,0.994681,0.177798,0.989839,0.148125
1.803100517,0.998538,0.198144,0.994707,0.177943,0.989856,0.148236
1.805067511,0.998563,0.198272,0.994732,0.178087,0.989872,0.148346
1.807034506,0.998589,0.198399,0.994758,0.178231,0.989888,0.148457
1.809001500,0.998615,0.198527,0.994784,0.178376,0.989905,0.148567
1.810968495,0.998640,0.198655,0.994810,0.178520,0.989921,0.148677
1.812935489,0.998666,0.198782,0.994836,0.178663,0.989937,0.148787
1.814902484,0.998692,0.198909,0.994862,0.178807,0.989954,0.148897
1.816869478,0.998717,0.199037,0.994887,0.178951,0.989970,0.149007
1.818836473,0.998743,0.199164,0.994913,0.179094,0.989986,0.149117
1.820803467,0.998768,0.199291,0.994939,0.179238,0.990003,0.149227
1.822770462,0.998794,0.199418,0.994965,0.179381,0.990019,0.149337
1.824737456,0.998820,0.199545,0.994991,0.179524,0.990035,0.149447
1.826704451,0.998845,0.199671,0.995017,0.179667,0.990052,0.149556
1.828671445,0.998871,0.199798,0.995042,0.179810,0.990068,0.149666
1.830638440,0.998896,0.199925,0.995068,0.179953,0.990084,0.149775
1.832605434,0.998922,0.200051,0.995094,0.180095,0.990101,0.149884
1.834572429,0.998948,0.200178,0.995120,0.180238,0.990117,0.149993
1.836539423,0.998973,0.200304,0.995146,0.180380,0.990133,0.150103
1.838506418,0.998999,0.200430,0.995171,0.180522,0.990150,0.150212
1.840473412,0.999025,0.200556,0.995197,0.180664,0.990166,0.150321
1.842440407,0.999050,0.200683,0.995223,0.180806,0.990182,0.150429
1.844407401,0.999076,0.200809,0.995249,0.180948,0.990199,0.150538
1.846374396,0.999101,0.200934,0.995275,0.181090,0.990215,0.150647
1.848341390,0.999127,0.201060,0.995301,0.181232,0.990231,0.150756
1.850308385,0.999153,0.201186,0.995326,0.181373,0.990248,0.150864
1.852275379,0.999178,0.201312,0.995352,0.181515,0.990264,0.150973
1.854242374,0.999204,0.201437,0.995378,0.181656,0.990280,0.151081
1.856209368,0.999229,0.201563,0.995404,0.181797,0.990297,0.151189
1.858176363,0.999255,0.201688,0.995430,0.181938,0.990313,0.151298
1.860143357,0.999281,0.201813,0.995456,0.182079,0.990329,0.151406
1.862110352,0.999306,0.201939,0.995481,0.182220,0.990346,0.151514
1.864077346,0.999332,0.202064,0.995507,0.182361,0.990362,0.151622
1.866044341,0.999358,0.202189,0.995533,0.182501,0.990378,0.151730
1.868011335,0.999383,0.202314,0.995559,0.182642,0.990395,0.151837
1.869978330,0.999409,0.202439,0.995585,0.182782,0.990411,0.151945
1.871945324,0.999434,0.202563,0.995610,0.182922,0.990427,0.152053
1.873912319,0.999460,0.202688,0.995636,0.183062,0.990444,0.152160
1.875879313,0.999486,0.202813,0.995662,0.183202,0.990460,0.152268
1.877846308,0.999511,0.202937,0.995688,0.183342,0.990476,0.152375
1.879813302,0.999537,0.203062,0.995714,0.183482,0.990493,0.152483
1.881780297,0.999562,0.203186,0.995740,0.183622,0.990509,0.152590
1.883747291,0.999588,0.203310,0.995765,0.183761,0.990525,0.152697
1.885714286,0.999614,0.203435,0.995791,0.183901,0.990542,0.152804
1.887681280,0.999639,0.203559,0.995817,0.184040,0.990558,0.152911
1.889648275,0.999665,0.203683,0.995843,0.184179,0.990574,0.153018
1.891615269,0.999690,0.203807,0.995869,0.184318,0.990591,0.153125
1.893582264,0.999716,0.203930,0.995894,0.184457,0.990607,0.153232
1.895549258,0.999742,0.204054,0.995920,0.184596,0.990623,0.153338
1.897516253,0.999767,0.204178,0.995946,0.184735,0.990640,0.153445
1.899483247,0.999793,0.204302,0.995972,0.184873,0.990656,0.153551
1.901450242,0.999818,0.204425,0.995998,0.185012,0.990672,0.153658
1.903417236,0.999844,0.204549,0.996023,0.185150,0.990689,0.153764
1.905384231,0.999870,0.204672,0.996049,0.185288,0.990705,0.153870
1.907351225,0.999895,0.204795,0.996075,0.185427,0.990721,0.153977
1.909318220,0.999921,0.204918,0.996101,0.185565,0.990738,0.154083
1.911285214,0.999946,0.205041,0.996127,0.185703,0.990754,0.154189
1.913252209,0.999972,0.205164,0.996152,0.185840,0.990770,0.154295
1.915219203,0.999998,0.205287,0.996178,0.185978,0.990787,0.154401
1.917186198,1.000023,0.205410,0.996204,0.186116,0.990803,0.154507
1.919153192,1.000049,0.205533,0.996230,0.186253,0.990819,0.154612
1.921120187,1.000074,0.205656,0.996256,0.186391,0.990836,0.154718
1.923087181,1.000100,0.205778,0.996281,0.186528,0.990852,0.154824
1.925054176,1.000125,0.205901,0.996307,0.186665,0.990868,0.154929
1.927021170,1.000151,0.206023,0.996333,0.186802,0.990884,0.155035
1.928988165,1.000177,0.206146,0.996359,0.186939,0.990901,0.155140
1.930955159,1.000202,0.206268,0.996385,0.187076,0.990917,0.155245
1.932922154,1.000228,0.206390,0.996410,0.187212,0.990933,0.155350
1.934889148,1.000253,0.206512,0.996436,0.187349,0.990950,0.155456
1.936856143,1.000279,0.206634,0.996462,0.187486,0.990966,0.155561
1.938823137,1.000305,0.206756,0.996488,0.187622,0.990982,0.155666
1.940790132,1.000330,0.206878,0.996514,0.187758,0.990999,0.155771
1.942757126,1.000356,0.207000,0.996539,0.187894,0.991015,0.155875
1.944724121,1.000381,0.207122,0.996565,0.188030,0.991031,0.155980
1.946691115,1.000407,0.207243,0.996591,0.188166,0.991048,0.156085
1.948658110,1.000432,0.207365,0.996617,0.188302,0.991064,0.156189
1.950625104,1.000458,0.207487,0.996643,0.188438,0.991080,0.156294
1.952592099,1.000484,0.207608,0.996668,0.188574,0.991097,0.156398
1.954559093,1.000509,0.207729,0.996694,0.188709,0.991113,0.156503
1.956526088,1.000535,0.207851,0.996720,0.188845,0.991129,0.156607
1.958493082,1.000560,0.207972,0.996746,0.188980,0.991146,0.156711
1.960460077,1.000586,0.208093,0.996771,0.189115,0.991162,0.156816
1.962427071,1.000612,0.208214,0.996797,0.189250,0.991178,0.156920
1.964394066,1.000637,0.208335,0.996823,0.189385,0.991195,0.157024
1.966361060,1.000663,0.208456,0.996849,0.189520,0.991211,0.157128
1.968328055,1.000688,0.208576,0.996875,0.189655,0.991227,0.157232
1.970295049,1.000714,0.208697,0.996900,0.189790,0.991244,0.157335
1.972262044,1.000739,0.208818,0.996926,0.189924,0.991260,0.157439
1.974229038,1.000765,0.208938,0.996952,0.190059,0.991276,0.157543
1.976196033,1.000791,0.209059,0.996978,0.190193,0.991292,0.157646
1.978163027,1.000816,0.209179,0.997004,0.190327,0.991309,0.157750
1.980130022,1.000842,0.209299,0.997029,0.190461,0.991325,0.157853
1.982097016,1.000867,0.209420,0.997055,0.190595,0.991341,0.157957
1.984064011,1.000893,0.209540,0.997081,0.190729,0.991358,0.158060
1.986031005,1.000918,0.209660,0.997107,0.190863,0.991374,0.158163
1.987998000,1.000944,0.209780,0.997132,0.190997,0.991390,0.158266
1.989964994,1.000970,0.209900,0.997158,0.191131,0.991407,0.158369
1.991931989,1.000995,0.210020,0.997184,0.191264,0.991423,0.158472
1.993898983,1.001021,0.210140,0.997210,0.191398,0.991439,0.158575
1.995865978,1.001046,0.210259,0.997235,0.191531,0.991456,0.158678
1.997832972,1.001072,0.210379,0.997261,0.191664,0.991472,0.158781
1.999799967,1.001097,0.210498,0.997287,0.191797,0.991488,0.158884
2.001766961,1.001123,0.210618,0.997313,0.191930,0.991505,0.158986
2.003733956,1.001148,0.210737,0.997339,0.192063,0.991521,0.159089
2.005700950,1.001174,0.210857,0.997364,0.192196,0.991537,0.159191
2.007667945,1.001200,0.210976,0.997390,0.192329,0.991554,0.159294
2.009634939,1.001225,0.211095,0.997416,0.192461,0.991570,0.159396
2.011601934,1.001251,0.211214,0.997442,0.192594,0.991586,0.159498
2.013568928,1.001276,0.211333,0.997467,0.192726,0.991602,0.159601
2.015535923,1.001302,0.211452,0.997493,0.192859,0.991619,0.159703
2.017502917,1.001327,0.211571,0.997519,0.192991,0.991635,0.159805
2.019469912,1.001353,0.211690,0.997545,0.193123,0.991651,0.159907
2.021436906,1.001378,0.211808,0.997570,0.193255,0.991668,0.160009
2.023403901,1.001404,0.211927,0.997596,0.193387,0.991684,0.160111
2.025370895,1.001430,0.212046,0.997622,0.193519,0.991700,0.160213
2.027337890,1.001455,0.212164,0.997648,0.193651,0.991717,0.160314
2.029304884,1.001481,0.212283,0.997674,0.193782,0.991733,0.160416
2.031271879,1.001506,0.212401,0.997699,0.193914,0.991749,0.160518
2.033238873,1.001532,0.212519,0.997725,0.194045,0.991766,0.160619
2.035205868,1.001557,0.212637,0.997751,0.194176,0.991782,0.160721
2.037172862,1.001583,0.212756,0.997777,0.194308,0.991798,0.160822
2.039139857,1.001608,0.212874,0.997802,0.194439,0.991814,0.160923
2.041106851,1.001634,0.212992,0.997828,0.194570,0.991831,0.161025
2.043073846,1.001660,0.213109,0.997854,0.194701,0.991847,0.161126
2.045040840,1.001685,0.213227,0.997880,0.194832,0.991863,0.161227
2.047007835,1.001711,0.213345,0.997905,0.194962,0.991880,0.161328
2.048974829,1.001736,0.213463,0.997931,0.195093,0.991896,0.161429
2.050941824,1.001762,0.213580,0.997957,0.195224,0.991912,0.161530
2.052908818,1.001787,0.213698,0.997983,0.195354,0.991929,0.161631
2.054875813,1.001813,0.213815,0.998008,0.195485,0.991945,0.161732
2.056842807,1.001838,0.213933,0.998034,0.195615,0.991961,0.161832
2.058809802,1.001864,0.214050,0.998060,0.195745,0.991978,0.161933
2.060776796,1.001889,0.214167,0.998086,0.195875,0.991994,0.162033
2.062743791,1.001915,0.214285,0.998111,0.196005,0.992010,0.162134
2.064710785,1.001941,0.214402,0.998137,0.196135,0.992026,0.162234
2.066677780,1.001966,0.214519,0.998163,0.196265,0.992043,0.162335
2.068644774,1.001992,0.214636,0.998189,0.196394,0.992059,0.162435
2.070611769,1.002017,0.214753,0.998214,0.196524,0.992075,0.162535
2.072578763,1.002043,0.214869,0.998240,0.196654,0.992092,0.162636
2.074545758,1.002068,0.214986,0.998266,0.196783,0.992108,0.162736
2.076512752,1.002094,0.215103,0.998292,0.196912,0.992124,0.162836
2.078479747,1.002119,0.215219,0.998317,0.197041,0.992141,0.162936
2.080446741,1.002145,0.215336,0.998343,0.197171,0.992157,0.163036
2.082413736,1.002170,0.215452,0.998369,0.197300,0.992173,0.163136
2.084380730,1.002196,0.215569,0.998395,0.197429,0.992190,0.163235
2.086347725,1.002221,0.215685,0.998420,0.197557,0.992206,0.163335
2.088314719,1.002247,0.215801,0.998446,0.197686,0.992222,0.163435
2.090281714,1.002273,0.215918,0.998472,0.197815,0.992238,0.163534
2.092248708,1.002298,0.216034,0.998498,0.197943,0.992255,0.163634
2.094215703,1.002324,0.216150,0.998523,0.198072,0.992271,0.163733
2.096182697,1.002349,0.216266,0.998549,0.198200,0.992287,0.163833
2.098149692,1.002375,0.216382,0.998575,0.198329,0.992304,0.163932
2.100116686,1.002400,0.216497,0.998601,0.198457,0.992320,0.164031
2.102083681,1.002426,0.216613,0.998626,0.198585,0.992336,0.164131
2.104050675,1.002451,0.216729,0.998652,0.198713,0.992353,0.164230
2.106017670,1.002477,0.216844,0.998678,0.198841,0.992369,0.164329
2.107984664,1.002502,0.216960,0.998703,0.198969,0.992385,0.164428
2.109951659,1.002528,0.217076,0.998729,0.199097,0.992401,0.164527
2.111918653,1.002553,0.217191,0.998755,0.199224,0.992418,0.164626
2.113885648,1.002579,0.217306,0.998781,0.199352,0.992434,0.164724
2.115852642,1.002604,0.217422,0.998806,0.199479,0.992450,0.164823
2.117819637,1.002630,0.217537,0.998832,0.199607,0.992467,0.164922
2.119786631,1.002655,0.217652,0.998858,0.199734,0.992483,0.165021
2.121753626,1.002681,0.217767,0.998884,0.199861,0.992499,0.165119
2.123720620,1.002707,0.217882,0.998909,0.199988,0.992515,0.165218
2.125687615,1.002732,0.217997,0.998935,0.200115,0.992532,0.165316
2.127654609,1.002758,0.218112,0.998961,0.200242,0.992548,0.165414
2.129621604,1.002783,0.218227,0.998987,0.200369,0.992564,0.165513
2.131588598,1.002809,0.218341,0.999012,0.200496,0.992581,0.165611
2.133555593,1.002834,0.218456,0.999038,0.200623,0.992597,0.165709
2.135522587,1.002860,0.218571,0.999064,0.200749,0.992613,0.165807
2.137489582,1.002885,0.218685,0.999089,0.200876,0.992630,0.165905
2.139456576,1.002911,0.218800,0.999115,0.201002,0.992646,0.166003
2.141423571,1.002936,0.218914,0.999141,0.201128,0.992662,0.166101
2.143390565,1.002962,0.219028,0.999167,0.201255,0.992678,0.166199
2.145357560,1.002987,0.219142,0.999192,0.201381,0.992695,0.166297
2.147324554,1.003013,0.219257,0.999218,0.201507,0.992711,0.166395
2.149291549,1.003038,0.219371,0.999244,0.201633,0.992727,0.166492
2.151258543,1.003064,0.219485,0.999270,0.201759,0.992744,0.166590
2.153225538,1.003089,0.219599,0.999295,0.201884,0.992760,0.166688
2.155192532,1.003115,0.219713,0.999321,0.202010,0.992776,0.166785
2.157159527,1.003140,0.219827,0.999347,0.202136,0.992792,0.166883
2.159126521,1.003166,0.219940,0.999372,0.202261,0.992809,0.166980
2.161093516,1.003191,0.220054,0.999398,0.202387,0.992825,0.167077
2.163060510,1.003217,0.220168,0.999424,0.202512,0.992841,0.167175
2.165027505,1.003242,0.220281,0.999450,0.202637,0.992858,0.167272
2.166994499,1.003268,0.220395,0.999475,0.202763,0.992874,0.167369
2.168961494,1.003293,0.220508,0.999501,0.202888,0.992890,0.167466
2.170928488,1.003319,0.220622,0.999527,0.203013,0.992907,0.167563
2.172895483,1.003344,0.220735,0.999552,0.203138,0.992923,0.167660
2.174862477,1.003370,0.220848,0.999578,0.203263,0.992939,0.167757
2.176829472,1.003395,0.220961,0.999604,0.203387,0.992955,0.167854
2.178796466,1.003421,0.221075,0.999630,0.203512,0.992972,0.167951
2.180763461,1.003446,0.221188,0.999655,0.203637,0.992988,0.168047
2.182730455,1.003472,0.221301,0.999681,0.203761,0.993004,0.168144
2.184697450,1.003497,0.221414,0.999707,0.203885,0.993021,0.168241
2.186664444,1.003523,0.221526,0.999732,0.204010,0.993037,0.168337
2.188631439,1.003548,0.221639,0.999758,0.204134,0.993053,0.168434
2.190598433,1.003574,0.221752,0.999784,0.204258,0.993069,0.168530
2.192565428,1.003599,0.221865,0.999810,0.204382,0.993086,0.168626
2.194532422,1.003625,0.221977,0.999835,0.204506,0.993102,0.168723
2.196499417,1.003650,0.222090,0.999861,0.204630,0.993118,0.168819
2.198466411,1.003676,0.222202,0.999887,0.204754,0.993135,0.168915
2.200433406,1.003701,0.222315,0.999912,0.204878,0.993151,0.169011
2.202400400,1.003727,0.222427,0.999938,0.205002,0.993167,0.169107
2.204367395,1.003752,0.222539,0.999964,0.205125,0.993183,0.169203
2.206334389,1.003778,0.222651,0.999989,0.205249,0.993200,0.169299
2.208301384,1.003803,0.222764,1.000015,0.205372,0.993216,0.169395
2.210268378,1.003829,0.222876,1.000041,0.205495,0.993232,0.169491
2.212235373,1.003854,0.222988,1.000067,0.205619,0.993249,0.169587
2.214202367,1.003880,0.223100,1.000092,0.205742,0.993265,0.169683
2.216169362,1.003905,0.223212,1.000118,0.205865,0.993281,0.169778
2.218136356,1.003931,0.223323,1.000144,0.205988,0.993297,0.169874
2.220103351,1.003956,0.223435,1.000169,0.206111,0.993314,0.169969
2.222070345,1.003982,0.223547,1.000195,0.206234,0.993330,0.170065
2.224037340,1.004007,0.223659,1.000221,0.206356,0.993346,0.170160
2.226004334,1.004033,0.223770,1.000246,0.206479,0.993363,0.170256
2.227971329,1.004058,0.223882,1.000272,0.206602,0.993379,0.170351
2.229938323,1.004084,0.223993,1.000298,0.206724,0.993395,0.170446
2.231905318,1.004109,0.224104,1.000324,0.206847,0.993411,0.170541
2.233872312,1.004135,0.224216,1.000349,0.206969,0.993428,0.170637
2.235839307,1.004160,0.224327,1.000375,0.207091,0.993444,0.170732
2.237806301,1.004186,0.224438,1.000401,0.207214,0.993460,0.170827
2.239773296,1.004211,0.224549,1.000426,0.207336,0.993477,0.170922
2.241740290,1.004237,0.224660,1.000452,0.207458,0.993493,0.171017
2.243707285,1.004262,0.224771,1.000478,0.207580,0.993509,0.171111
2.245674279,1.004288,0.224882,1.000503,0.207702,0.993525,0.171206
2.247641274,1.004313,0.224993,1.000529,0.207823,0.993542,0.171301
2.249608268,1.004339,0.225104,1.000555,0.207945,0.993558,0.171396
2.251575263,1.004364,0.225215,1.000580,0.208067,0.993574,0.171490
2.253542257,1.004390,0.225326,1.000606,0.208188,0.993590,0.171585
2.255509252,1.004415,0.225436,1.000632,0.208310,0.993607,0.171679
2.257476246,1.004441,0.225547,1.000657,0.208431,0.993623,0.171774
2.259443241,1.004466,0.225657,1.000683,0.208552,0.993639,0.171868
2.261410235,1.004491,0.225768,1.000709,0.208674,0.993656,0.171963
2.263377230,1.004517,0.225878,1.000735,0.208795,0.993672,0.172057
2.265344224,1.004542,0.225989,1.000760,0.208916,0.993688,0.172151
2.267311219,1.004568,0.226099,1.000786,0.209037,0.993704,0.172245
2.269278213,1.004593,0.226209,1.000812,0.209158,0.993721,0.172339
2.271245208,1.004619,0.226319,1.000837,0.209279,0.993737,0.172434
2.273212202,1.004644,0.226429,1.000863,0.209400,0.993753,0.172528
2.275179197,1.004670,0.226539,1.000889,0.209520,0.993770,0.172622
2.277146191,1.004695,0.226649,1.000914,0.209641,0.993786,0.172715
2.279113186,1.004721,0.226759,1.000940,0.209761,0.993802,0.172809
2.281080180,1.004746,0.226869,1.000966,0.209882,0.993818,0.172903
2.283047175,1.004772,0.226979,1.000991,0.210002,0.993835,0.172997
2.285014169,1.004797,0.227088,1.001017,0.210123,0.993851,0.173091
2.286981164,1.004823,0.227198,1.001043,0.210243,0.993867,0.173184
2.288948158,1.004848,0.227308,1.001068,0.210363,0.993883,0.173278
2.290915153,1.004874,0.227417,1.001094,0.210483,0.993900,0.173371
2.292882147,1.004899,0.227527,1.001120,0.210603,0.993916,0.173465
2.294849142,1.004924,0.227636,1.001145,0.210723,0.993932,0.173558
2.296816136,1.004950,0.227746,1.001171,0.210843,0.993949,0.173652
2.298783131,1.004975,0.227855,1.001197,0.210963,0.993965,0.173745
2.300750125,1.005001,0.227964,1.001222,0.211082,0.993981,0.173838
2.302717120,1.005026,0.228073,1.001248,0.211202,0.993997,0.173931
2.304684114,1.005052,0.228182,1.001274,0.211321,0.994014,0.174024
2.306651109,1.005077,0.228291,1.001299,0.211441,0.994030,0.174118
2.308618103,1.005103,0.228400,1.001325,0.211560,0.994046,0.174211
2.310585098,1.005128,0.228509,1.001351,0.211680,0.994062,0.174304
2.312552092,1.005154,0.228618,1.001376,0.211799,0.994079,0.174396
2.314519087,1.005179,0.228727,1.001402,0.211918,0.994095,0.174489
2.316486081,1.005205,0.228836,1.001428,0.212037,0.994111,0.174582
2.318453076,1.005230,0.228945,1.001453,0.212156,0.994128,0.174675
2.320420070,1.005255,0.229053,1.001479,0.212275,0.994144,0.174768
2.322387065,1.005281,0.229162,1.001505,0.212394,0.994160,0.174860
2.324354059,1.005306,0.229270,1.001530,0.212513,0.994176,0.174953
2.326321054,1.005332,0.229379,1.001556,0.212631,0.994193,0.175045
2.328288048,1.005357,0.229487,1.001582,0.212750,0.994209,0.175138
2.330255043,1.005383,0.229596,1.001607,0.212869,0.994225,0.175230
2.332222037,1.005408,0.229704,1.001633,0.212987,0.994241,0.175323
2.334189032,1.005434,0.229812,1.001659,0.213106,0.994258,0.175415
2.336156026,1.005459,0.229920,1.001684,0.213224,0.994274,0.175507
2.338123021,1.005485,0.230028,1.001710,0.213342,0.994290,0.175600
2.340090015,1.005510,0.230137,1.001736,0.213460,0.994307,0.175692
2.342057010,1.005535,0.230245,1.001761,0.213578,0.994323,0.175784
2.344024004,1.005561,0.230353,1.001787,0.213696,0.994339,0.175876
2.345990998,1.005586,0.230460,1.001813,0.213814,0.994355,0.175968
2.347957993,1.005612,0.230568,1.001838,0.213932,0.994372,0.176060
2.349924987,1.005637,0.230676,1.001864,0.214050,0.994388,0.176152
2.351891982,1.005663,0.230784,1.001890,0.214168,0.994404,0.176244
2.353858976,1.005688,0.230891,1.001915,0.214286,0.994420,0.176336
2.355825971,1.005714,0.230999,1.001941,0.214403,0.994437,0.176427
2.357792965,1.005739,0.231107,1.001967,0.214521,0.994453,0.176519
2.359759960,1.005764,0.231214,1.001992,0.214638,0.994469,0.176611
2.361726954,1.005790,0.231321,1.002018,0.214756,0.994485,0.176702
2.363693949,1.005815,0.231429,1.002044,0.214873,0.994502,0.176794
2.365660943,1.005841,0.231536,1.002069,0.214990,0.994518,0.176886
2.367627938,1.005866,0.231643,1.002095,0.215107,0.994534,0.176977
2.369594932,1.005892,0.231751,1.002120,0.215225,0.994550,0.177068
2.371561927,1.005917,0.231858,1.002146,0.215342,0.994567,0.177160
2.373528921,1.005943,0.231965,1.002172,0.215459,0.994583,0.177251
2.375495916,1.005968,0.232072,1.002197,0.215575,0.994599,0.177342
2.377462910,1.005993,0.232179,1.002223,0.215692,0.994616,0.177434
2.379429905,1.006019,0.232286,1.002249,0.215809,0.994632,0.177525
2.381396899,1.006044,0.232393,1.002274,0.215926,0.994648,0.177616
2.383363894,1.006070,0.232499,1.002300,0.216042,0.994664,0.177707
2.385330888,1.006095,0.232606,1.002326,0.216159,0.994681,0.177798
2.387297883,1.006121,0.232713,1.002351,0.216275,0.994697,0.177889
2.389264877,1.006146,0.232820,1.002377,0.216392,0.994713,0.177980
2.391231872,1.006172,0.232926,1.002403,0.216508,0.994729,0.178071
2.393198866,1.006197,0.233033,1.002428,0.216624,0.994746,0.178161
2.395165861,1.006222,0.233139,1.002454,0.216740,0.994762,0.178252
2.397132855,1.006248,0.233246,1.002479,0.216857,0.994778,0.178343
2.399099850,1.006273,0.233352,1.002505,0.216973,0.994794,0.178433
2.401066844,1.006299,0.233458,1.002531,0.217089,0.994811,0.178524
2.403033839,1.006324,0.233564,1.002556,0.217205,0.994827,0.178615
2.405000833,1.006350,0.233671,1.002582,0.217320,0.994843,0.178705
2.406967828,1.006375,0.233777,1.002608,0.217436,0.994859,0.178796
2.408934822,1.006400,0.233883,1.002633,0.217552,0.994876,0.178886
2.410901817,1.006426,0.233989,1.002659,0.217667,0.994892,0.178976
2.412868811,1.006451,0.234095,1.002685,0.217783,0.994908,0.179067
2.414835806,1.006477,0.234201,1.002710,0.217899,0.994924,0.179157
2.416802800,1.006502,0.234307,1.002736,0.218014,0.994941,0.179247
2.418769795,1.006528,0.234412,1.002761,0.218129,0.994957,0.179337
2.420736789,1.006553,0.234518,1.002787,0.218245,0.994973,0.179427
2.422703784,1.006578,0.234624,1.002813,0.218360,0.994990,0.179517
2.424670778,1.006604,0.234730,1.002838,0.218475,0.995006,0.179607
2.426637773,1.006629,0.234835,1.002864,0.218590,0.995022,0.179697
2.428604767,1.006655,0.234941,1.002890,0.218705,0.995038,0.179787
2.430571762,1.006680,0.235046,1.002915,0.218820,0.995055,0.179877
2.432538756,1.006705,0.235152,1.002941,0.218935,0.995071,0.179967
2.434505751,1.006731,0.235257,1.002966,0.219050,0.995087,0.180057
2.436472745,1.006756,0.235362,1.002992,0.219164,0.995103,0.180146
2.438439740,1.006782,0.235467,1.003018,0.219279,0.995120,0.180236
2.440406734,1.006807,0.235573,1.003043,0.219394,0.995136,0.180326
2.442373729,1.006833,0.235678,1.003069,0.219508,0.995152,0.180415
2.444340723,1.006858,0.235783,1.003095,0.219623,0.995168,0.180505
2.446307718,1.006883,0.235888,1.003120,0.219737,0.995185,0.180594
2.448274712,1.006909,0.235993,1.003146,0.219851,0.995201,0.180684
2.450241707,1.006934,0.236098,1.003171,0.219966,0.995217,0.180773
2.452208701,1.006960,0.236203,1.003197,0.220080,0.995233,0.180862
2.454175696,1.006985,0.236308,1.003223,0.220194,0.995250,0.180952
2.456142690,1.007010,0.236412,1.003248,0.220308,0.995266,0.181041
2.458109685,1.007036,0.236517,1.003274,0.220422,0.995282,0.181130
2.460076679,1.007061,0.236622,1.003300,0.220536,0.995298,0.181219
2.462043674,1.007087,0.236726,1.003325,0.220650,0.995315,0.181308
2.464010668,1.007112,0.236831,1.003351,0.220764,0.995331,0.181397
2.465977663,1.007138,0.236935,1.003376,0.220877,0.995347,0.181486
2.467944657,1.007163,0.237040,1.003402,0.220991,0.995363,0.181575
2.469911652,1.007188,0.237144,1.003428,0.221105,0.995380,0.181664
2.471878646,1.007214,0.237249,1.003453,0.221218,0.995396,0.181753
2.473845641,1.007239,0.237353,1.003479,0.221332,0.995412,0.181842
2.475812635,1.007265,0.237457,1.003504,0.221445,0.995428,0.181931
2.477779630,1.007290,0.237561,1.003530,0.221558,0.995445,0.182019
2.479746624,1.007315,0.237666,1.003556,0.221672,0.995461,0.182108
2.481713619,1.007341,0.237770,1.003581,0.221785,0.995477,0.182197
2.483680613,1.007366,0.237874,1.003607,0.221898,0.995493,0.182285
2.485647608,1.007392,0.237978,1.003633,0.222011,0.995510,0.182374
2.487614602,1.007417,0.238082,1.003658,0.222124,0.995526,0.182462
2.489581597,1.007442,0.238185,1.003684,0.222237,0.995542,0.182551
2.491548591,1.007468,0.238289,1.003709,0.222350,0.995558,0.182639
2.493515586,1.007493,0.238393,1.003735,0.222463,0.995575,0.182727
2.495482580,1.007519,0.238497,1.003761,0.222575,0.995591,0.182816
2.497449575,1.007544,0.238600,1.003786,0.222688,0.995607,0.182904
2.499416569,1.007569,0.238704,1.003812,0.222801,0.995623,0.182992
2.501383564,1.007595,0.238808,1.003837,0.222913,0.995640,0.183080
2.503350558,1.007620,0.238911,1.003863,0.223026,0.995656,0.183168
2.505317553,1.007646,0.239015,1.003889,0.223138,0.995672,0.183256
2.507284547,1.007671,0.239118,1.003914,0.223250,0.995688,0.183344
2.509251542,1.007696,0.239221,1.003940,0.223363,0.995705,0.183432
2.511218536,1.007722,0.239325,1.003965,0.223475,0.995721,0.183520
2.513185531,1.007747,0.239428,1.003991,0.223587,0.995737,0.183608
2.515152525,1.007773,0.239531,1.004017,0.223699,0.995753,0.183696
2.517119520,1.007798,0.239634,1.004042,0.223811,0.995769,0.183784
2.519086514,1.007823,0.239737,1.004068,0.223923,0.995786,0.183871
2.521053509,1.007849,0.239840,1.004093,0.224035,0.995802,0.183959
2.523020503,1.007874,0.239943,1.004119,0.224147,0.995818,0.184047
2.524987498,1.007900,0.240046,1.004145,0.224259,0.995834,0.184134
2.526954492,1.007925,0.240149,1.004170,0.224371,0.995851,0.184222
2.528921487,1.007950,0.240252,1.004196,0.224482,0.995867,0.184309
2.530888481,1.007976,0.240355,1.004221,0.224594,0.995883,0.184397
2.532855476,1.008001,0.240458,1.004247,0.224705,0.995899,0.184484
2.534822470,1.008027,0.240560,1.004273,0.224817,0.995916,0.184572
2.536789465,1.008052,0.240663,1.004298,0.224928,0.995932,0.184659
2.538756459,1.008077,0.240766,1.004324,0.225040,0.995948,0.184746
2.540723454,1.008103,0.240868,1.004349,0.225151,0.995964,0.184833
2.542690448,1.008128,0.240971,1.004375,0.225262,0.995981,0.184921
2.544657443,1.008153,0.241073,1.004401,0.225373,0.995997,0.185008
2.546624437,1.008179,0.241175,1.004426,0.225484,0.996013,0.185095
2.548591432,1.008204,0.241278,1.004452,0.225595,0.996029,0.185182
2.550558426,1.008230,0.241380,1.004477,0.225706,0.996046,0.185269
2.552525421,1.008255,0.241482,1.004503,0.225817,0.996062,0.185356
2.554492415,1.008280,0.241585,1.004528,0.225928,0.996078,0.185443
2.556459410,1.008306,0.241687,1.004554,0.226039,0.996094,0.185530
2.558426404,1.008331,0.241789,1.004580,0.226150,0.996111,0.185617
2.560393399,1.008356,0.241891,1.004605,0.226260,0.996127,0.185703
2.562360393,1.008382,0.241993,1.004631,0.226371,0.996143,0.185790
2.564327388,1.008407,0.242095,1.004656,0.226481,0.996159,0.185877
2.566294382,1.008433,0.242197,1.004682,0.226592,0.996175,0.185963
2.568261377,1.008458,0.242298,1.004708,0.226702,0.996192,0.186050
2.570228371,1.008483,0.242400,1.004733,0.226813,0.996208,0.186137
2.572195366,1.008509,0.242502,1.004759,0.226923,0.996224,0.186223
2.574162360,1.008534,0.242604,1.004784,0.227033,0.996240,0.186310
2.576129355,1.008559,0.242705,1.004810,0.227143,0.996257,0.186396
2.578096349,1.008585,0.242807,1.004835,0.227253,0.996273,0.186483
2.580063344,1.008610,0.242908,1.004861,0.227363,0.996289,0.186569
2.582030338,1.008636,0.243010,1.004887,0.227473,0.996305,0.186655
2.583997333,1.008661,0.243111,1.004912,0.227583,0.996322,0.186741
2.585964327,1.008686,0.243213,1.004938,0.227693,0.996338,0.186828
2.587931322,1.008712,0.243314,1.004963,0.227803,0.996354,0.186914
2.589898316,1.008737,0.243415,1.004989,0.227913,0.996370,0.187000
2.591865311,1.008762,0.243517,1.005014,0.228022,0.996387,0.187086
2.593832305,1.008788,0.243618,1.005040,0.228132,0.996403,0.187172
2.595799300,1.008813,0.243719,1.005066,0.228242,0.996419,0.187258
2.597766294,1.008839,0.243820,1.005091,0.228351,0.996435,0.187344
2.599733289,1.008864,0.243921,1.005117,0.228461,0.996451,0.187430
2.601700283,1.008889,0.244022,1.005142,0.228570,0.996468,0.187516
2.603667278,1.008915,0.244123,1.005168,0.228679,0.996484,0.187602
2.605634272,1.008940,0.244224,1.005193,0.228789,0.996500,0.187687
2.607601267,1.008965,0.244325,1.005219,0.228898,0.996516,0.187773
2.609568261,1.008991,0.244426,1.005245,0.229007,0.996533,0.187859
2.611535256,1.009016,0.244526,1.005270,0.229116,0.996549,0.187945
2.613502250,1.009041,0.244627,1.005296,0.229225,0.996565,0.188030
2.615469245,1.009067,0.244728,1.005321,0.229334,0.996581,0.188116
2.617436239,1.009092,0.244828,1.005347,0.229443,0.996598,0.188201
2.619403234,1.009118,0.244929,1.005372,0.229552,0.996614,0.188287
2.621370228,1.009143,0.245029,1.005398,0.229661,0.996630,0.188372
2.623337223,1.009168,0.245130,1.005424,0.229769,0.996646,0.188458
2.625304217,1.009194,0.245230,1.005449,0.229878,0.996662,0.188543
2.627271212,1.009219,0.245331,1.005475,0.229987,0.996679,0.188628
2.629238206,1.009244,0.245431,1.005500,0.230095,0.996695,0.188714
2.631205201,1.009270,0.245531,1.005526,0.230204,0.996711,0.188799
2.633172195,1.009295,0.245632,1.005551,0.230312,0.996727,0.188884
2.635139190,1.009320,0.245732,1.005577,0.230420,0.996744,0.188969
2.637106184,1.009346,0.245832,1.005602,0.230529,0.996760,0.189054
2.639073179,1.009371,0.245932,1.005628,0.230637,0.996776,0.189139
2.641040173,1.009396,0.246032,1.005654,0.230745,0.996792,0.189224
2.643007168,1.009422,0.246132,1.005679,0.230853,0.996809,0.189309
2.644974162,1.009447,0.246232,1.005705,0.230961,0.996825,0.189394
2.646941157,1.009473,0.246332,1.005730,0.231069,0.996841,0.189479
2.648908151,1.009498,0.246432,1.005756,0.231177,0.996857,0.189564
2.650875146,1.009523,0.246532,1.005781,0.231285,0.996873,0.189649
2.652842140,1.009549,0.246631,1.005807,0.231393,0.996890,0.189734
2.654809135,1.009574,0.246731,1.005832,0.231501,0.996906,0.189818
2.656776129,1.009599,0.246831,1.005858,0.231609,0.996922,0.189903
2.658743124,1.009625,0.246930,1.005884,0.231716,0.996938,0.189988
2.660710118,1.009650,0.247030,1.005909,0.231824,0.996955,0.190072
2.662677113,1.009675,0.247129,1.005935,0.231932,0.996971,0.190157
2.664644107,1.009701,0.247229,1.005960,0.232039,0.996987,0.190241
2.666611102,1.009726,0.247328,1.005986,0.232147,0.997003,0.190326
2.668578096,1.009751,0.247428,1.006011,0.232254,0.997019,0.190410
2.670545091,1.009777,0.247527,1.006037,0.232361,0.997036,0.190495
2.672512085,1.009802,0.247626,1.006062,0.232469,0.997052,0.190579
2.674479080,1.009827,0.247726,1.006088,0.232576,0.997068,0.190663
2.676446074,1.009853,0.247825,1.006114,0.232683,0.997084,0.190748
2.678413069,1.009878,0.247924,1.006139,0.232790,0.997101,0.190832
2.680380063,1.009903,0.248023,1.006165,0.232897,0.997117,0.190916
2.682347058,1.009929,0.248122,1.006190,0.233004,0.997133,0.191000
2.684314052,1.009954,0.248221,1.006216,0.233111,0.997149,0.191084
2.686281047,1.009979,0.248320,1.006241,0.233218,0.997165,0.191168
2.688248041,1.010005,0.248419,1.006267,0.233325,0.997182,0.191252
2.690215036,1.010030,0.248518,1.006292,0.233432,0.997198,0.191336
2.692182030,1.010055,0.248617,1.006318,0.233538,0.997214,0.191420
2.694149025,1.010081,0.248716,1.006343,0.233645,0.997230,0.191504
2.696116019,1.010106,0.248814,1.006369,0.233752,0.997247,0.191588
2.698083014,1.010131,0.248913,1.006395,0.233858,0.997263,0.191672
2.700050008,1.010157,0.249012,1.006420,0.233965,0.997279,0.191756
2.702017003,1.010182,0.249110,1.006446,0.234071,0.997295,0.191839
2.703983997,1.010207,0.249209,1.006471,0.234178,0.997311,0.191923
2.705950992,1.010233,0.249307,1.006497,0.234284,0.997328,0.192007
2.707917986,1.010258,0.249406,1.006522,0.234390,0.997344,0.192090
2.709884981,1.010283,0.249504,1.006548,0.234496,0.997360,0.192174
2.711851975,1.010309,0.249603,1.006573,0.234603,0.997376,0.192258
2.713818970,1.010334,0.249701,1.006599,0.234709,0.997393,0.192341
2.715785964,1.010359,0.249799,1.006624,0.234815,0.997409,0.192425
2.717752959,1.010385,0.249897,1.006650,0.234921,0.997425,0.192508
2.719719953,1.010410,0.249996,1.006675,0.235027,0.997441,0.192591
2.721686948,1.010435,0.250094,1.006701,0.235133,0.997457,0.192675
2.723653942,1.010461,0.250192,1.006726,0.235238,0.997474,0.192758
2.725620937,1.010486,0.250290,1.006752,0.235344,0.997490,0.192841
2.727587931,1.010511,0.250388,1.006778,0.235450,0.997506,0.192925
2.729554926,1.010537,0.250486,1.006803,0.235556,0.997522,0.193008
2.731521920,1.010562,0.250584,1.006829,0.235661,0.997538,0.193091
2.733488915,1.010587,0.250682,1.006854,0.235767,0.997555,0.193174
2.735455909,1.010613,0.250779,1.006880,0.235872,0.997571,0.193257
2.737422904,1.010638,0.250877,1.006905,0.235978,0.997587,0.193340
2.739389898,1.010663,0.250975,1.006931,0.236083,0.997603,0.193423
2.741356893,1.010689,0.251073,1.006956,0.236188,0.997620,0.193506
2.743323887,1.010714,0.251170,1.006982,0.236294,0.997636,0.193589
2.745290882,1.010739,0.251268,1.007007,0.236399,0.997652,0.193672
2.747257876,1.010765,0.251366,1.007033,0.236504,0.997668,0.193755
2.749224871,1.010790,0.251463,1.007058,0.236609,0.997684,0.193838
2.751191865,1.010815,0.251561,1.007084,0.236714,0.997701,0.193920
2.753158860,1.010841,0.251658,1.007109,0.236819,0.997717,0.194003
2.755125854,1.010866,0.251755,1.007135,0.236924,0.997733,0.194086
2.757092849,1.010891,0.251853,1.007160,0.237029,0.997749,0.194168
2.759059843,1.010917,0.251950,1.007186,0.237134,0.997765,0.194251
2.761026838,1.010942,0.252047,1.007211,0.237239,0.997782,0.194334
2.762993832,1.010967,0.252144,1.007237,0.237344,0.997798,0.194416
2.764960827,1.010992,0.252242,1.007262,0.237448,0.997814,0.194499
2.766927821,1.011018,0.252339,1.007288,0.237553,0.997830,0.194581
2.768894816,1.011043,0.252436,1.007313,0.237658,0.997846,0.194663
2.770861810,1.011068,0.252533,1.007339,0.237762,0.997863,0.194746
2.772828805,1.011094,0.252630,1.007365,0.237867,0.997879,0.194828
2.774795799,1.011119,0.252727,1.007390,0.237971,0.997895,0.194910
2.776762794,1.011144,0.252824,1.007416,0.238076,0.997911,0.194993
2.778729788,1.011170,0.252921,1.007441,0.238180,0.997928,0.195075
2.780696783,1.011195,0.253017,1.007467,0.238284,0.997944,0.195157
2.782663777,1.011220,0.253114,1.007492,0.238388,0.997960,0.195239
2.784630772,1.011246,0.253211,1.007518,0.238493,0.997976,0.195321
2.786597766,1.011271,0.253308,1.007543,0.238597,0.997992,0.195403
2.788564761,1.011296,0.253404,1.007569,0.238701,0.998009,0.195485
2.790531755,1.011321,0.253501,1.007594,0.238805,0.998025,0.195567
2.792498750,1.011347,0.253597,1.007620,0.238909,0.998041,0.195649
2.794465744,1.011372,0.253694,1.007645,0.239013,0.998057,0.195731
2.796432739,1.011397,0.253790,1.007671,0.239116,0.998073,0.195813
2.798399733,1.011423,0.253887,1.007696,0.239220,0.998090,0.195895
2.800366728,1.011448,0.253983,1.007722,0.239324,0.998106,0.195977
2.802333722,1.011473,0.254080,1.007747,0.239428,0.998122,0.196059
2.804300717,1.011499,0.254176,1.007773,0.239531,0.998138,0.196140
2.806267711,1.011524,0.254272,1.007798,0.239635,0.998154,0.196222
2.808234706,1.011549,0.254368,1.007824,0.239739,0.998171,0.196304
2.810201700,1.011574,0.254465,1.007849,0.239842,0.998187,0.196385
2.812168695,1.011600,0.254561,1.007875,0.239945,0.998203,0.196467
2.814135689,1.011625,0.254657,1.007900,0.240049,0.998219,0.196548
2.816102684,1.011650,0.254753,1.007926,0.240152,0.998235,0.196630
2.818069678,1.011676,0.254849,1.007951,0.240255,0.998252,0.196711
2.820036673,1.011701,0.254945,1.007977,0.240359,0.998268,0.196793
2.822003667,1.011726,0.255041,1.008002,0.240462,0.998284,0.196874
2.823970662,1.011752,0.255137,1.008028,0.240565,0.998300,0.196956
2.825937656,1.011777,0.255232,1.008053,0.240668,0.998316,0.197037
2.827904651,1.011802,0.255328,1.008079,0.240771,0.998333,0.197118
2.829871645,1.011827,0.255424,1.008104,0.240874,0.998349,0.197199
2.831838640,1.011853,0.255520,1.008130,0.240977,0.998365,0.197281
2.833805634,1.011878,0.255615,1.008155,0.241080,0.998381,0.197362
2.835772629,1.011903,0.255711,1.008181,0.241183,0.998397,0.197443
2.837739623,1.011929,0.255806,1.008206,0.241286,0.998414,0.197524
2.839706618,1.011954,0.255902,1.008232,0.241388,0.998430,0.197605
2.841673612,1.011979,0.255997,1.008257,0.241491,0.998446,0.197686
2.843640607,1.012004,0.256093,1.008283,0.241594,0.998462,0.197767
2.845607601,1.012030,0.256188,1.008308,0.241696,0.998478,0.197848
2.847574596,1.012055,0.256284,1.008334,0.241799,0.998495,0.197929
2.849541590,1.012080,0.256379,1.008359,0.241901,0.998511,0.198010
2.851508585,1.012106,0.256474,1.008385,0.242004,0.998527,0.198091
2.853475579,1.012131,0.256570,1.008410,0.242106,0.998543,0.198171
2.855442574,1.012156,0.256665,1.008436,0.242208,0.998559,0.198252
2.857409568,1.012181,0.256760,1.008461,0.242311,0.998576,0.198333
2.859376563,1.012207,0.256855,1.008487,0.242413,0.998592,0.198414
2.861343557,1.012232,0.256950,1.008512,0.242515,0.998608,0.198494
2.863310552,1.012257,0.257045,1.008537,0.242617,0.998624,0.198575
2.865277546,1.012283,0.257140,1.008563,0.242719,0.998640,0.198655
2.867244541,1.012308,0.257235,1.008588,0.242821,0.998657,0.198736
2.869211535,1.012333,0.257330,1.008614,0.242923,0.998673,0.198816
2.871178530,1.012358,0.257425,1.008639,0.243025,0.998689,0.198897
2.873145524,1.012384,0.257520,1.008665,0.243127,0.998705,0.198977
2.875112519,1.012409,0.257614,1.008690,0.243229,0.998721,0.199058
2.877079513,1.012434,0.257709,1.008716,0.243331,0.998738,0.199138
2.879046508,1.012460,0.257804,1.008741,0.243432,0.998754,0.199219
2.881013502,1.012485,0.257899,1.008767,0.243534,0.998770,0.199299
2.882980497,1.012510,0.257993,1.008792,0.243636,0.998786,0.199379
2.884947491,1.012535,0.258088,1.008818,0.243737,0.998802,0.199459
2.886914486,1.012561,0.258182,1.008843,0.243839,0.998819,0.199539
2.888881480,1.012586,0.258277,1.008869,0.243940,0.998835,0.199620
2.890848475,1.012611,0.258371,1.008894,0.244042,0.998851,0.199700
2.892815469,1.012636,0.258466,1.008920,0.244143,0.998867,0.199780
2.894782464,1.012662,0.258560,1.008945,0.244244,0.998883,0.199860
2.896749458,1.012687,0.258654,1.008971,0.244346,0.998900,0.199940
2.898716453,1.012712,0.258749,1.008996,0.244447,0.998916,0.200020
2.900683447,1.012738,0.258843,1.009022,0.244548,0.998932,0.200100
2.902650442,1.012763,0.258937,1.009047,0.244649,0.998948,0.200180
2.904617436,1.012788,0.259031,1.009073,0.244750,0.998964,0.200260
2.906584431,1.012813,0.259125,1.009098,0.244851,0.998981,0.200339
2.908551425,1.012839,0.259220,1.009123,0.244952,0.998997,0.200419
2.910518420,1.012864,0.259314,1.009149,0.245053,0.999013,0.200499
2.912485414,1.012889,0.259408,1.009174,0.245154,0.999029,0.200579
2.914452409,1.012914,0.259502,1.009200,0.245255,0.999045,0.200658
2.916419403,1.012940,0.259596,1.009225,0.245356,0.999061,0.200738
2.918386398,1.012965,0.259689,1.009251,0.245457,0.999078,0.200818
2.920353392,1.012990,0.259783,1.009276,0.245557,0.999094,0.200897
2.922320387,1.013015,0.259877,1.009302,0.245658,0.999110,0.200977
2.924287381,1.013041,0.259971,1.009327,0.245759,0.999126,0.201056
2.926254376,1.013066,0.260065,1.009353,0.245859,0.999142,0.201136
2.928221370,1.013091,0.260158,1.009378,0.245960,0.999159,0.201215
2.930188365,1.013117,0.260252,1.009404,0.246060,0.999175,0.201295
2.932155359,1.013142,0.260346,1.009429,0.246160,0.999191,0.201374
2.934122354,1.013167,0.260439,1.009455,0.246261,0.999207,0.201453
2.936089348,1.013192,0.260533,1.009480,0.246361,0.999223,0.201533
2.938056343,1.013218,0.260626,1.009505,0.246461,0.999240,0.201612
2.940023337,1.013243,0.260720,1.009531,0.246562,0.999256,0.201691
2.941990332,1.013268,0.260813,1.009556,0.246662,0.999272,0.201770
2.943957326,1.013293,0.260906,1.009582,0.246762,0.999288,0.201850
2.945924321,1.013319,0.261000,1.009607,0.246862,0.999304,0.201929
2.947891315,1.013344,0.261093,1.009633,0.246962,0.999320,0.202008
2.949858310,1.013369,0.261186,1.009658,0.247062,0.999337,0.202087
2.951825304,1.013394,0.261279,1.009684,0.247162,0.999353,0.202166
2.953792299,1.013420,0.261373,1.009709,0.247262,0.999369,0.202245
2.955759293,1.013445,0.261466,1.009735,0.247362,0.999385,0.202324
2.957726288,1.013470,0.261559,1.009760,0.247462,0.999401,0.202403
2.959693282,1.013495,0.261652,1.009785,0.247561,0.999418,0.202482
2.961660277,1.013521,0.261745,1.009811,0.247661,0.999434,0.202561
2.963627271,1.013546,0.261838,1.009836,0.247761,0.999450,0.202639
2.965594266,1.013571,0.261931,1.009862,0.247860,0.999466,0.202718
2.967561260,1.013596,0.262024,1.009887,0.247960,0.999482,0.202797
2.969528255,1.013622,0.262117,1.009913,0.248059,0.999499,0.202876
2.971495249,1.013647,0.262209,1.009938,0.248159,0.999515,0.202954
2.973462244,1.013672,0.262302,1.009964,0.248258,0.999531,0.203033
2.975429238,1.013697,0.262395,1.009989,0.248358,0.999547,0.203112
2.977396233,1.013723,0.262488,1.010014,0.248457,0.999563,0.203190
2.979363227,1.013748,0.262580,1.010040,0.248556,0.999579,0.203269
2.981330222,1.013773,0.262673,1.010065,0.248656,0.999596,0.203347
2.983297216,1.013798,0.262766,1.010091,0.248755,0.999612,0.203426
2.985264211,1.013824,0.262858,1.010116,0.248854,0.999628,0.203504
2.987231205,1.013849,0.262951,1.010142,0.248953,0.999644,0.203583
2.989198200,1.013874,0.263043,1.010167,0.249052,0.999660,0.203661
2.991165194,1.013899,0.263135,1.010193,0.249151,0.999676,0.203739
2.993132189,1.013925,0.263228,1.010218,0.249250,0.999693,0.203818
2.995099183,1.013950,0.263320,1.010243,0.249349,0.999709,0.203896
2.997066178,1.013975,0.263413,1.010269,0.249448,0.999725,0.203974
2.999033172,1.014000,0.263505,1.010294,0.249547,0.999741,0.204053
3.001000167,1.014025,0.263597,1.010320,0.249645,0.999757,0.204131
3.002967161,1.014051,0.263689,1.010345,0.249744,0.999774,0.204209
3.004934156,1.014076,0.263781,1.010371,0.249843,0.999790,0.204287
3.006901150,1.014101,0.263874,1.010396,0.249941,0.999806,0.204365
3.008868145,1.014126,0.263966,1.010422,0.250040,0.999822,0.204443
3.010835139,1.014152,0.264058,1.010447,0.250139,0.999838,0.204521
3.012802134,1.014177,0.264150,1.010472,0.250237,0.999854,0.204599
3.014769128,1.014202,0.264242,1.010498,0.250336,0.999871,0.204677
3.016736123,1.014227,0.264334,1.010523,0.250434,0.999887,0.204755
3.018703117,1.014253,0.264425,1.010549,0.250532,0.999903,0.204833
3.020670112,1.014278,0.264517,1.010574,0.250631,0.999919,0.204911
3.022637106,1.014303,0.264609,1.010600,0.250729,0.999935,0.204989
3.024604101,1.014328,0.264701,1.010625,0.250827,0.999952,0.205066
3.026571095,1.014353,0.264793,1.010650,0.250925,0.999968,0.205144
3.028538090,1.014379,0.264884,1.010676,0.251024,0.999984,0.205222
3.030505084,1.014404,0.264976,1.010701,0.251122,1.000000,0.205300
3.032472079,1.014429,0.265068,1.010727,0.251220,1.000016,0.205377
3.034439073,1.014454,0.265159,1.010752,0.251318,1.000032,0.205455
3.036406068,1.014480,0.265251,1.010778,0.251416,1.000049,0.205532
3.038373062,1.014505,0.265342,1.010803,0.251514,1.000065,0.205610
3.040340057,1.014530,0.265434,1.010828,0.251611,1.000081,0.205688
3.042307051,1.014555,0.265525,1.010854,0.251709,1.000097,0.205765
3.044274046,1.014581,0.265617,1.010879,0.251807,1.000113,0.205843
3.046241040,1.014606,0.265708,1.010905,0.251905,1.000129,0.205920
3.048208035,1.014631,0.265799,1.010930,0.252003,1.000146,0.205997
3.050175029,1.014656,0.265891,1.010956,0.252100,1.000162,0.206075
3.052142024,1.014681,0.265982,1.010981,0.252198,1.000178,0.206152
3.054109018,1.014707,0.266073,1.011006,0.252295,1.000194,0.206229
3.056076013,1.014732,0.266164,1.011032,0.252393,1.000210,0.206307
3.058043007,1.014757,0.266255,1.011057,0.252490,1.000226,0.206384
3.060010002,1.014782,0.266347,1.011083,0.252588,1.000243,0.206461
3.061976996,1.014808,0.266438,1.011108,0.252685,1.000259,0.206538
3.063943991,1.014833,0.266529,1.011134,0.252783,1.000275,0.206615
3.065910985,1.014858,0.266620,1.011159,0.252880,1.000291,0.206692
3.067877980,1.014883,0.266711,1.011184,0.252977,1.000307,0.206770
3.069844974,1.014908,0.266802,1.011210,0.253074,1.000323,0.206847
3.071811969,1.014934,0.266892,1.011235,0.253171,1.000340,0.206924
3.073778963,1.014959,0.266983,1.011261,0.253269,1.000356,0.207001
3.075745958,1.014984,0.267074,1.011286,0.253366,1.000372,0.207078
3.077712952,1.015009,0.267165,1.011311,0.253463,1.000388,0.207154
3.079679947,1.015034,0.267256,1.011337,0.253560,1.000404,0.207231
3.081646941,1.015060,0.267346,1.011362,0.253657,1.000421,0.207308
3.083613936,1.015085,0.267437,1.011388,0.253754,1.000437,0.207385
3.085580930,1.015110,0.267528,1.011413,0.253850,1.000453,0.207462
3.087547925,1.015135,0.267618,1.011439,0.253947,1.000469,0.207539
3.089514919,1.015160,0.267709,1.011464,0.254044,1.000485,0.207615
3.091481914,1.015186,0.267799,1.011489,0.254141,1.000501,0.207692
3.093448908,1.015211,0.267890,1.011515,0.254237,1.000518,0.207769
3.095415903,1.015236,0.267980,1.011540,0.254334,1.000534,0.207845
3.097382897,1.015261,0.268071,1.011566,0.254431,1.000550,0.207922
3.099349892,1.015287,0.268161,1.011591,0.254527,1.000566,0.207998
3.101316886,1.015312,0.268251,1.011616,0.254624,1.000582,0.208075
3.103283881,1.015337,0.268342,1.011642,0.254720,1.000598,0.208151
3.105250875,1.015362,0.268432,1.011667,0.254817,1.000614,0.208228
3.107217870,1.015387,0.268522,1.011693,0.254913,1.000631,0.208304
3.109184864,1.015413,0.268612,1.011718,0.255009,1.000647,0.208381
3.111151859,1.015438,0.268702,1.011743,0.255106,1.000663,0.208457
3.113118853,1.015463,0.268792,1.011769,0.255202,1.000679,0.208534
3.115085848,1.015488,0.268883,1.011794,0.255298,1.000695,0.208610
3.117052842,1.015513,0.268973,1.011820,0.255394,1.000711,0.208686
3.119019837,1.015539,0.269063,1.011845,0.255490,1.000728,0.208762
3.120986831,1.015564,0.269153,1.011870,0.255587,1.000744,0.208839
3.122953826,1.015589,0.269242,1.011896,0.255683,1.000760,0.208915
3.124920820,1.015614,0.269332,1.011921,0.255779,1.000776,0.208991
3.126887815,1.015639,0.269422,1.011947,0.255875,1.000792,0.209067
3.128854809,1.015665,0.269512,1.011972,0.255971,1.000808,0.209143
3.130821804,1.015690,0.269602,1.011997,0.256066,1.000825,0.209219
3.132788798,1.015715,0.269692,1.012023,0.256162,1.000841,0.209295
3.134755793,1.015740,0.269781,1.012048,0.256258,1.000857,0.209371
3.136722787,1.015765,0.269871,1.012074,0.256354,1.000873,0.209447
3.138689782,1.015791,0.269961,1.012099,0.256449,1.000889,0.209523
3.140656776,1.015816,0.270050,1.012124,0.256545,1.000905,0.209599
3.142623771,1.015841,0.270140,1.012150,0.256641,1.000922,0.209675
3.144590765,1.015866,0.270229,1.012175,0.256736,1.000938,0.209751
3.146557760,1.015891,0.270319,1.012201,0.256832,1.000954,0.209827
3.148524754,1.015916,0.270408,1.012226,0.256927,1.000970,0.209903
3.150491749,1.015942,0.270498,1.012251,0.257023,1.000986,0.209978
3.152458743,1.015967,0.270587,1.012277,0.257118,1.001002,0.210054
3.154425738,1.015992,0.270677,1.012302,0.257214,1.001019,0.210130
3.156392732,1.016017,0.270766,1.012328,0.257309,1.001035,0.210205
3.158359727,1.016042,0.270855,1.012353,0.257404,1.001051,0.210281
3.160326721,1.016068,0.270944,1.012378,0.257499,1.001067,0.210357
3.162293716,1.016093,0.271034,1.012404,0.257595,1.001083,0.210432
3.164260710,1.016118,0.271123,1.012429,0.257690,1.001099,0.210508
3.166227705,1.016143,0.271212,1.012454,0.257785,1.001115,0.210583
3.168194699,1.016168,0.271301,1.012480,0.257880,1.001132,0.210659
3.170161694,1.016194,0.271390,1.012505,0.257975,1.001148,0.210734
3.172128688,1.016219,0.271479,1.012531,0.258070,1.001164,0.210810
3.174095683,1.016244,0.271568,1.012556,0.258165,1.001180,0.210885
3.176062677,1.016269,0.271657,1.012581,0.258260,1.001196,0.210960
3.178029672,1.016294,0.271746,1.012607,0.258355,1.001212,0.211036
3.179996666,1.016319,0.271835,1.012632,0.258450,1.001229,0.211111
3.181963661,1.016345,0.271924,1.012658,0.258544,1.001245,0.211186
3.183930655,1.016370,0.272013,1.012683,0.258639,1.001261,0.211262
3.185897650,1.016395,0.272102,1.012708,0.258734,1.001277,0.211337
3.187864644,1.016420,0.272190,1.012734,0.258829,1.001293,0.211412
3.189831639,1.016445,0.272279,1.012759,0.258923,1.001309,0.211487
3.191798633,1.016471,0.272368,1.012784,0.259018,1.001325,0.211562
3.193765628,1.016496,0.272456,1.012810,0.259112,1.001342,0.211637
3.195732622,1.016521,0.272545,1.012835,0.259207,1.001358,0.211712
3.197699617,1.016546,0.272634,1.012861,0.259301,1.001374,0.211787
3.199666611,1.016571,0.272722,1.012886,0.259396,1.001390,0.211862
3.201633606,1.016596,0.272811,1.012911,0.259490,1.001406,0.211937
3.203600600,1.016622,0.272899,1.012937,0.259584,1.001422,0.212012
3.205567595,1.016647,0.272988,1.012962,0.259679,1.001439,0.212087
3.207534589,1.016672,0.273076,1.012987,0.259773,1.001455,0.212162
3.209501584,1.016697,0.273164,1.013013,0.259867,1.001471,0.212237
3.211468578,1.016722,0.273253,1.013038,0.259961,1.001487,0.212312
3.213435573,1.016747,0.273341,1.013064,0.260056,1.001503,0.212387
3.215402567,1.016773,0.273429,1.013089,0.260150,1.001519,0.212461
3.217369562,1.016798,0.273518,1.013114,0.260244,1.001535,0.212536
3.219336556,1.016823,0.273606,1.013140,0.260338,1.001552,0.212611
3.221303551,1.016848,0.273694,1.013165,0.260432,1.001568,0.212686
3.223270545,1.016873,0.273782,1.013190,0.260526,1.001584,0.212760
3.225237540,1.016898,0.273870,1.013216,0.260620,1.001600,0.212835
3.227204534,1.016924,0.273958,1.013241,0.260713,1.001616,0.212909
3.229171529,1.016949,0.274046,1.013267,0.260807,1.001632,0.212984
3.231138523,1.016974,0.274134,1.013292,0.260901,1.001649,0.213059
3.233105518,1.016999,0.274222,1.013317,0.260995,1.001665,0.213133
3.235072512,1.017024,0.274310,1.013343,0.261088,1.001681,0.213207
3.237039507,1.017049,0.274398,1.013368,0.261182,1.001697,0.213282
3.239006501,1.017075,0.274486,1.013393,0.261276,1.001713,0.213356
3.240973496,1.017100,0.274574,1.013419,0.261369,1.001729,0.213431
3.242940490,1.017125,0.274662,1.013444,0.261463,1.001745,0.213505
3.244907485,1.017150,0.274749,1.013469,0.261556,1.001762,0.213579
3.246874479,1.017175,0.274837,1.013495,0.261650,1.001778,0.213654
3.248841474,1.017200,0.274925,1.013520,0.261743,1.001794,0.213728
3.250808468,1.017226,0.275013,1.013545,0.261837,1.001810,0.213802
3.252775463,1.017251,0.275100,1.013571,0.261930,1.001826,0.213876
3.254742457,1.017276,0.275188,1.013596,0.262023,1.001842,0.213951
3.256709452,1.017301,0.275275,1.013622,0.262117,1.001858,0.214025
3.258676446,1.017326,0.275363,1.013647,0.262210,1.001875,0.214099
3.260643441,1.017351,0.275450,1.013672,0.262303,1.001891,0.214173
3.262610435,1.017376,0.275538,1.013698,0.262396,1.001907,0.214247
3.264577430,1.017402,0.275625,1.013723,0.262489,1.001923,0.214321
3.266544424,1.017427,0.275713,1.013748,0.262582,1.001939,0.214395
3.268511419,1.017452,0.275800,1.013774,0.262675,1.001955,0.214469
3.270478413,1.017477,0.275887,1.013799,0.262768,1.001971,0.214543
3.272445408,1.017502,0.275975,1.013824,0.262861,1.001988,0.214617
3.274412402,1.017527,0.276062,1.013850,0.262954,1.002004,0.214691
3.276379397,1.017553,0.276149,1.013875,0.263047,1.002020,0.214765
3.278346391,1.017578,0.276236,1.013900,0.263140,1.002036,0.214839
3.280313386,1.017603,0.276324,1.013926,0.263233,1.002052,0.214912
3.282280380,1.017628,0.276411,1.013951,0.263325,1.002068,0.214986
3.284247375,1.017653,0.276498,1.013976,0.263418,1.002084,0.215060
3.286214369,1.017678,0.276585,1.014002,0.263511,1.002101,0.215134
3.288181364,1.017703,0.276672,1.014027,0.263603,1.002117,0.215207
3.290148358,1.017729,0.276759,1.014053,0.263696,1.002133,0.215281
3.292115353,1.017754,0.276846,1.014078,0.263789,1.002149,0.215355
3.294082347,1.017779,0.276933,1.014103,0.263881,1.002165,0.215428
3.296049342,1.017804,0.277020,1.014129,0.263974,1.002181,0.215502
3.298016336,1.017829,0.277107,1.014154,0.264066,1.002197,0.215575
3.299983331,1.017854,0.277193,1.014179,0.264158,1.002214,0.215649
3.301950325,1.017879,0.277280,1.014205,0.264251,1.002230,0.215722
3.303917320,1.017905,0.277367,1.014230,0.264343,1.002246,0.215796
3.305884314,1.017930,0.277454,1.014255,0.264435,1.002262,0.215869
3.307851309,1.017955,0.277540,1.014281,0.264528,1.002278,0.215943
3.309818303,1.017980,0.277627,1.014306,0.264620,1.002294,0.216016
3.311785298,1.018005,0.277714,1.014331,0.264712,1.002310,0.216090
3.313752292,1.018030,0.277800,1.014357,0.264804,1.002327,0.216163
3.315719287,1.018055,0.277887,1.014382,0.264896,1.002343,0.216236
3.317686281,1.018081,0.277973,1.014407,0.264988,1.002359,0.216309
3.319653276,1.018106,0.278060,1.014433,0.265080,1.002375,0.216383
3.321620270,1.018131,0.278146,1.014458,0.265172,1.002391,0.216456
3.323587265,1.018156,0.278233,1.014483,0.265264,1.002407,0.216529
3.325554259,1.018181,0.278319,1.014509,0.265356,1.002423,0.216602
3.327521254,1.018206,0.278406,1.014534,0.265448,1.002439,0.216675
3.329488248,1.018231,0.278492,1.014559,0.265540,1.002456,0.216748
3.331455243,1.018256,0.278578,1.014585,0.265632,1.002472,0.216822
3.333422237,1.018282,0.278665,1.014610,0.265723,1.002488,0.216895
3.335389232,1.018307,0.278751,1.014635,0.265815,1.002504,0.216968
3.337356226,1.018332,0.278837,1.014661,0.265907,1.002520,0.217041
3.339323221,1.018357,0.278923,1.014686,0.265998,1.002536,0.217114
3.341290215,1.018382,0.279009,1.014711,0.266090,1.002552,0.217187
3.343257210,1.018407,0.279095,1.014737,0.266182,1.002569,0.217259
3.345224204,1.018432,0.279182,1.014762,0.266273,1.002585,0.217332
3.347191199,1.018458,0.279268,1.014787,0.266365,1.002601,0.217405
3.349158193,1.018483,0.279354,1.014813,0.266456,1.002617,0.217478
3.351125188,1.018508,0.279440,1.014838,0.266548,1.002633,0.217551
3.353092182,1.018533,0.279526,1.014863,0.266639,1.002649,0.217624
3.355059177,1.018558,0.279612,1.014889,0.266730,1.002665,0.217696
3.357026171,1.018583,0.279697,1.014914,0.266822,1.002681,0.217769
3.358993166,1.018608,0.279783,1.014939,0.266913,1.002698,0.217842
3.360960160,1.018633,0.279869,1.014965,0.267004,1.002714,0.217914
3.362927155,1.018659,0.279955,1.014990,0.267095,1.002730,0.217987
3.364894149,1.018684,0.280041,1.015015,0.267186,1.002746,0.218060
3.366861144,1.018709,0.280126,1.015041,0.267278,1.002762,0.218132
3.368828138,1.018734,0.280212,1.015066,0.267369,1.002778,0.218205
3.370795133,1.018759,0.280298,1.015091,0.267460,1.002794,0.218277
3.372762127,1.018784,0.280383,1.015117,0.267551,1.002810,0.218350
3.374729122,1.018809,0.280469,1.015142,0.267642,1.002827,0.218422
3.376696116,1.018834,0.280555,1.015167,0.267733,1.002843,0.218495
3.378663111,1.018859,0.280640,1.015192,0.267823,1.002859,0.218567
3.380630105,1.018885,0.280726,1.015218,0.267914,1.002875,0.218640
3.382597100,1.018910,0.280811,1.015243,0.268005,1.002891,0.218712
3.384564094,1.018935,0.280897,1.015268,0.268096,1.002907,0.218784
3.386531089,1.018960,0.280982,1.015294,0.268187,1.002923,0.218857
3.388498083,1.018985,0.281067,1.015319,0.268277,1.002940,0.218929
3.390465078,1.019010,0.281153,1.015344,0.268368,1.002956,0.219001
3.392432072,1.019035,0.281238,1.015370,0.268459,1.002972,0.219073
3.394399067,1.019060,0.281323,1.015395,0.268549,1.002988,0.219146
3.396366061,1.019085,0.281409,1.015420,0.268640,1.003004,0.219218
3.398333056,1.019111,0.281494,1.015446,0.268730,1.003020,0.219290
3.400300050,1.019136,0.281579,1.015471,0.268821,1.003036,0.219362
3.402267045,1.019161,0.281664,1.015496,0.268911,1.003052,0.219434
3.404234039,1.019186,0.281749,1.015522,0.269002,1.003069,0.219506
3.406201034,1.019211,0.281834,1.015547,0.269092,1.003085,0.219578
3.408168028,1.019236,0.281919,1.015572,0.269183,1.003101,0.219650
3.410135023,1.019261,0.282004,1.015597,0.269273,1.003117,0.219722
3.412102017,1.019286,0.282089,1.015623,0.269363,1.003133,0.219794
3.414069012,1.019311,0.282174,1.015648,0.269453,1.003149,0.219866
3.416036006,1.019337,0.282259,1.015673,0.269544,1.003165,0.219938
3.418003001,1.019362,0.282344,1.015699,0.269634,1.003181,0.220010
3.419969995,1.019387,0.282429,1.015724,0.269724,1.003198,0.220082
3.421936989,1.019412,0.282514,1.015749,0.269814,1.003214,0.220154
3.423903984,1.019437,0.282599,1.015775,0.269904,1.003230,0.220225
3.425870978,1.019462,0.282684,1.015800,0.269994,1.003246,0.220297
3.427837973,1.019487,0.282768,1.015825,0.270084,1.003262,0.220369
3.429804967,1.019512,0.282853,1.015850,0.270174,1.003278,0.220441
3.431771962,1.019537,0.282938,1.015876,0.270264,1.003294,0.220512
3.433738956,1.019563,0.283022,1.015901,0.270354,1.003310,0.220584
3.435705951,1.019588,0.283107,1.015926,0.270444,1.003327,0.220656
3.437672945,1.019613,0.283192,1.015952,0.270533,1.003343,0.220727
3.439639940,1.019638,0.283276,1.015977,0.270623,1.003359,0.220799
3.441606934,1.019663,0.283361,1.016002,0.270713,1.003375,0.220870
3.443573929,1.019688,0.283445,1.016028,0.270803,1.003391,0.220942
3.445540923,1.019713,0.283530,1.016053,0.270892,1.003407,0.221014
3.447507918,1.019738,0.283614,1.016078,0.270982,1.003423,0.221085
3.449474912,1.019763,0.283699,1.016103,0.271071,1.003439,0.221156
3.451441907,1.019788,0.283783,1.016129,0.271161,1.003455,0.221228
3.453408901,1.019813,0.283867,1.016154,0.271251,1.003472,0.221299
3.455375896,1.019839,0.283952,1.016179,0.271340,1.003488,0.221371
3.457342890,1.019864,0.284036,1.016205,0.271429,1.003504,0.221442
3.459309885,1.019889,0.284120,1.016230,0.271519,1.003520,0.221513
3.461276879,1.019914,0.284205,1.016255,0.271608,1.003536,0.221585
3.463243874,1.019939,0.284289,1.016281,0.271698,1.003552,0.221656
3.465210868,1.019964,0.284373,1.016306,0.271787,1.003568,0.221727
3.467177863,1.019989,0.284457,1.016331,0.271876,1.003584,0.221798
3.469144857,1.020014,0.284541,1.016356,0.271965,1.003601,0.221870
3.471111852,1.020039,0.284625,1.016382,0.272055,1.003617,0.221941
3.473078846,1.020064,0.284709,1.016407,0.272144,1.003633,0.222012
3.475045841,1.020089,0.284793,1.016432,0.272233,1.003649,0.222083
3.477012835,1.020115,0.284877,1.016458,0.272322,1.003665,0.222154
3.478979830,1.020140,0.284961,1.016483,0.272411,1.003681,0.222225
3.480946824,1.020165,0.285045,1.016508,0.272500,1.003697,0.222296
3.482913819,1.020190,0.285129,1.016533,0.272589,1.003713,0.222367
3.484880813,1.020215,0.285213,1.016559,0.272678,1.003729,0.222438
3.486847808,1.020240,0.285297,1.016584,0.272767,1.003746,0.222509
3.488814802,1.020265,0.285381,1.016609,0.272856,1.003762,0.222580
3.490781797,1.020290,0.285464,1.016635,0.272945,1.003778,0.222651
3.492748791,1.020315,0.285548,1.016660,0.273034,1.003794,0.222722
3.494715786,1.020340,0.285632,1.016685,0.273122,1.003810,0.222793
3.496682780,1.020365,0.285716,1.016710,0.273211,1.003826,0.222864
3.498649775,1.020390,0.285799,1.016736,0.273300,1.003842,0.222935
3.500616769,1.020416,0.285883,1.016761,0.273388,1.003858,0.223005
3.502583764,1.020441,0.285966,1.016786,0.273477,1.003874,0.223076
3.504550758,1.020466,0.286050,1.016811,0.273566,1.003891,0.223147
3.506517753,1.020491,0.286134,1.016837,0.273654,1.003907,0.223218
3.508484747,1.020516,0.286217,1.016862,0.273743,1.003923,0.223288
3.510451742,1.020541,0.286301,1.016887,0.273831,1.003939,0.223359
3.512418736,1.020566,0.286384,1.016913,0.273920,1.003955,0.223430
3.514385731,1.020591,0.286467,1.016938,0.274008,1.003971,0.223500
3.516352725,1.020616,0.286551,1.016963,0.274097,1.003987,0.223571
3.518319720,1.020641,0.286634,1.016988,0.274185,1.004003,0.223641
3.520286714,1.020666,0.286718,1.017014,0.274273,1.004019,0.223712
3.522253709,1.020691,0.286801,1.017039,0.274362,1.004036,0.223782
3.524220703,1.020716,0.286884,1.017064,0.274450,1.004052,0.223853
3.526187698,1.020742,0.286967,1.017089,0.274538,1.004068,0.223923
3.528154692,1.020767,0.287051,1.017115,0.274626,1.004084,0.223994
3.530121687,1.020792,0.287134,1.017140,0.274715,1.004100,0.224064
3.532088681,1.020817,0.287217,1.017165,0.274803,1.004116,0.224135
3.534055676,1.020842,0.287300,1.017191,0.274891,1.004132,0.224205
3.536022670,1.020867,0.287383,1.017216,0.274979,1.004148,0.224275
3.537989665,1.020892,0.287466,1.017241,0.275067,1.004164,0.224346
3.539956659,1.020917,0.287549,1.017266,0.275155,1.004181,0.224416
3.541923654,1.020942,0.287632,1.017292,0.275243,1.004197,0.224486
3.543890648,1.020967,0.287715,1.017317,0.275331,1.004213,0.224556
3.545857643,1.020992,0.287798,1.017342,0.275419,1.004229,0.224627
3.547824637,1.021017,0.287881,1.017367,0.275506,1.004245,0.224697
3.549791632,1.021042,0.287964,1.017393,0.275594,1.004261,0.224767
3.551758626,1.021067,0.288047,1.017418,0.275682,1.004277,0.224837
3.553725621,1.021092,0.288130,1.017443,0.275770,1.004293,0.224907
3.555692615,1.021118,0.288212,1.017468,0.275858,1.004309,0.224977
3.557659610,1.021143,0.288295,1.017494,0.275945,1.004326,0.225047
3.559626604,1.021168,0.288378,1.017519,0.276033,1.004342,0.225117
3.561593599,1.021193,0.288461,1.017544,0.276121,1.004358,0.225187
3.563560593,1.021218,0.288543,1.017570,0.276208,1.004374,0.225257
3.565527588,1.021243,0.288626,1.017595,0.276296,1.004390,0.225327
3.567494582,1.021268,0.288709,1.017620,0.276383,1.004406,0.225397
3.569461577,1.021293,0.288791,1.017645,0.276471,1.004422,0.225467
3.571428571,1.021318,0.288874,1.017671,0.276558,1.004438,0.225537
3.573395566,1.021343,0.288956,1.017696,0.276646,1.004454,0.225607
3.575362560,1.021368,0.289039,1.017721,0.276733,1.004470,0.225677
3.577329555,1.021393,0.289121,1.017746,0.276820,1.004487,0.225747
3.579296549,1.021418,0.289204,1.017772,0.276908,1.004503,0.225816
3.581263544,1.021443,0.289286,1.017797,0.276995,1.004519,0.225886
3.583230538,1.021468,0.289369,1.017822,0.277082,1.004535,0.225956
3.585197533,1.021493,0.289451,1.017847,0.277169,1.004551,0.226026
3.587164527,1.021518,0.289533,1.017873,0.277257,1.004567,0.226095
3.589131522,1.021543,0.289616,1.017898,0.277344,1.004583,0.226165
3.591098516,1.021569,0.289698,1.017923,0.277431,1.004599,0.226235
3.593065511,1.021594,0.289780,1.017948,0.277518,1.004615,0.226304
3.595032505,1.021619,0.289862,1.017974,0.277605,1.004631,0.226374
3.596999500,1.021644,0.289945,1.017999,0.277692,1.004648,0.226443
3.598966494,1.021669,0.290027,1.018024,0.277779,1.004664,0.226513
3.600933489,1.021694,0.290109,1.018049,0.277866,1.004680,0.226582
3.602900483,1.021719,0.290191,1.018075,0.277953,1.004696,0.226652
3.604867478,1.021744,0.290273,1.018100,0.278040,1.004712,0.226721
3.606834472,1.021769,0.290355,1.018125,0.278127,1.004728,0.226791
3.608801467,1.021794,0.290437,1.018150,0.278213,1.004744,0.226860
3.610768461,1.021819,0.290519,1.018176,0.278300,1.004760,0.226930
3.612735456,1.021844,0.290601,1.018201,0.278387,1.004776,0.226999
3.614702450,1.021869,0.290683,1.018226,0.278474,1.004792,0.227068
3.616669445,1.021894,0.290765,1.018251,0.278560,1.004809,0.227138
3.618636439,1.021919,0.290847,1.018277,0.278647,1.004825,0.227207
3.620603434,1.021944,0.290929,1.018302,0.278734,1.004841,0.227276
3.622570428,1.021969,0.291011,1.018327,0.278820,1.004857,0.227345
3.624537423,1.021994,0.291092,1.018352,0.278907,1.004873,0.227415
3.626504417,1.022019,0.291174,1.018377,0.278993,1.004889,0.227484
3.628471412,1.022044,0.291256,1.018403,0.279080,1.004905,0.227553
3.630438406,1.022069,0.291338,1.018428,0.279166,1.004921,0.227622
3.632405401,1.022094,0.291419,1.018453,0.279253,1.004937,0.227691
3.634372395,1.022120,0.291501,1.018478,0.279339,1.004953,0.227761
3.636339390,1.022145,0.291582,1.018504,0.279426,1.004970,0.227830
3.638306384,1.022170,0.291664,1.018529,0.279512,1.004986,0.227899
3.640273379,1.022195,0.291746,1.018554,0.279598,1.005002,0.227968
3.642240373,1.022220,0.291827,1.018579,0.279684,1.005018,0.228037
3.644207368,1.022245,0.291909,1.018605,0.279771,1.005034,0.228106
3.646174362,1.022270,0.291990,1.018630,0.279857,1.005050,0.228175
3.648141357,1.022295,0.292072,1.018655,0.279943,1.005066,0.228244
3.650108351,1.022320,0.292153,1.018680,0.280029,1.005082,0.228313
3.652075346,1.022345,0.292234,1.018706,0.280115,1.005098,0.228381
3.654042340,1.022370,0.292316,1.018731,0.280201,1.005114,0.228450
3.656009335,1.022395,0.292397,1.018756,0.280287,1.005130,0.228519
3.657976329,1.022420,0.292478,1.018781,0.280373,1.005147,0.228588
3.659943324,1.022445,0.292560,1.018806,0.280459,1.005163,0.228657
3.661910318,1.022470,0.292641,1.018832,0.280545,1.005179,0.228726
3.663877313,1.022495,0.292722,1.018857,0.280631,1.005195,0.228794
3.665844307,1.022520,0.292803,1.018882,0.280717,1.005211,0.228863
3.667811302,1.022545,0.292885,1.018907,0.280803,1.005227,0.228932
3.669778296,1.022570,0.292966,1.018933,0.280889,1.005243,0.229000
3.671745291,1.022595,0.293047,1.018958,0.280975,1.005259,0.229069
3.673712285,1.022620,0.293128,1.018983,0.281060,1.005275,0.229138
3.675679280,1.022645,0.293209,1.019008,0.281146,1.005291,0.229206
3.677646274,1.022670,0.293290,1.019033,0.281232,1.005307,0.229275
3.679613269,1.022695,0.293371,1.019059,0.281317,1.005324,0.229343
3.681580263,1.022720,0.293452,1.019084,0.281403,1.005340,0.229412
3.683547258,1.022745,0.293533,1.019109,0.281489,1.005356,0.229481
3.685514252,1.022770,0.293614,1.019134,0.281574,1.005372,0.229549
3.687481247,1.022795,0.293695,1.019160,0.281660,1.005388,0.229618
3.689448241,1.022820,0.293776,1.019185,0.281745,1.005404,0.229686
3.691415236,1.022845,0.293857,1.019210,0.281831,1.005420,0.229754
3.693382230,1.022870,0.293937,1.019235,0.281916,1.005436,0.229823
3.695349225,1.022895,0.294018,1.019260,0.282002,1.005452,0.229891
3.697316219,1.022920,0.294099,1.019286,0.282087,1.005468,0.229960
3.699283214,1.022945,0.294180,1.019311,0.282172,1.005484,0.230028
3.701250208,1.022970,0.294260,1.019336,0.282258,1.005501,0.230096
3.703217203,1.022995,0.294341,1.019361,0.282343,1.005517,0.230164
3.705184197,1.023020,0.294422,1.019386,0.282428,1.005533,0.230233
3.707151192,1.023045,0.294502,1.019412,0.282513,1.005549,0.230301
3.709118186,1.023070,0.294583,1.019437,0.282599,1.005565,0.230369
3.711085181,1.023096,0.294664,1.019462,0.282684,1.005581,0.230437
3.713052175,1.023121,0.294744,1.019487,0.282769,1.005597,0.230506
3.715019170,1.023146,0.294825,1.019513,0.282854,1.005613,0.230574
3.716986164,1.023171,0.294905,1.019538,0.282939,1.005629,0.230642
3.718953159,1.023196,0.294986,1.019563,0.283024,1.005645,0.230710
3.720920153,1.023221,0.295066,1.019588,0.283109,1.005661,0.230778
3.722887148,1.023246,0.295146,1.019613,0.283194,1.005677,0.230846
3.724854142,1.023271,0.295227,1.019639,0.283279,1.005694,0.230914
3.726821137,1.023296,0.295307,1.019664,0.283364,1.005710,0.230982
3.728788131,1.023321,0.295387,1.019689,0.283449,1.005726,0.231050
3.730755126,1.023346,0.295468,1.019714,0.283534,1.005742,0.231118
3.732722120,1.023371,0.295548,1.019739,0.283618,1.005758,0.231186
3.734689115,1.023396,0.295628,1.019765,0.283703,1.005774,0.231254
3.736656109,1.023421,0.295708,1.019790,0.283788,1.005790,0.231322
3.738623104,1.023446,0.295789,1.019815,0.283873,1.005806,0.231390
3.740590098,1.023471,0.295869,1.019840,0.283957,1.005822,0.231457
3.742557093,1.023496,0.295949,1.019865,0.284042,1.005838,0.231525
3.744524087,1.023521,0.296029,1.019891,0.284127,1.005854,0.231593
3.746491082,1.023546,0.296109,1.019916,0.284211,1.005870,0.231661
3.748458076,1.023571,0.296189,1.019941,0.284296,1.005886,0.231729
3.750425071,1.023596,0.296269,1.019966,0.284380,1.005903,0.231796
3.752392065,1.023621,0.296349,1.019991,0.284465,1.005919,0.231864
3.754359060,1.023646,0.296429,1.020017,0.284549,1.005935,0.231932
3.756326054,1.023671,0.296509,1.020042,0.284634,1.005951,0.231999
3.758293049,1.023696,0.296589,1.020067,0.284718,1.005967,0.232067
3.760260043,1.023721,0.296669,1.020092,0.284803,1.005983,0.232135
3.762227038,1.023746,0.296749,1.020117,0.284887,1.005999,0.232202
3.764194032,1.023771,0.296829,1.020143,0.284971,1.006015,0.232270
3.766161027,1.023796,0.296908,1.020168,0.285055,1.006031,0.232337
3.768128021,1.023821,0.296988,1.020193,0.285140,1.006047,0.232405
3.770095016,1.023846,0.297068,1.020218,0.285224,1.006063,0.232473
3.772062010,1.023871,0.297148,1.020243,0.285308,1.006079,0.232540
3.774029005,1.023896,0.297227,1.020269,0.285392,1.006096,0.232607
3.775995999,1.023921,0.297307,1.020294,0.285476,1.006112,0.232675
3.777962994,1.023946,0.297387,1.020319,0.285561,1.006128,0.232742
3.779929988,1.023971,0.297466,1.020344,0.285645,1.006144,0.232810
3.781896983,1.023996,0.297546,1.020369,0.285729,1.006160,0.232877
3.783863977,1.024021,0.297626,1.020395,0.285813,1.006176,0.232944
3.785830972,1.024046,0.297705,1.020420,0.285897,1.006192,0.233012
3.787797966,1.024071,0.297785,1.020445,0.285981,1.006208,0.233079
3.789764961,1.024096,0.297864,1.020470,0.286065,1.006224,0.233146
3.791731955,1.024121,0.297944,1.020495,0.286149,1.006240,0.233214
3.793698950,1.024146,0.298023,1.020520,0.286232,1.006256,0.233281
3.795665944,1.024171,0.298103,1.020546,0.286316,1.006272,0.233348
3.797632939,1.024196,0.298182,1.020571,0.286400,1.006288,0.233415
3.799599933,1.024220,0.298261,1.020596,0.286484,1.006304,0.233482
3.801566928,1.024245,0.298341,1.020621,0.286568,1.006321,0.233550
3.803533922,1.024270,0.298420,1.020646,0.286651,1.006337,0.233617
3.805500917,1.024295,0.298499,1.020672,0.286735,1.006353,0.233684
3.807467911,1.024320,0.298578,1.020697,0.286819,1.006369,0.233751
3.809434906,1.024345,0.298658,1.020722,0.286902,1.006385,0.233818
3.811401900,1.024370,0.298737,1.020747,0.286986,1.006401,0.233885
3.813368895,1.024395,0.298816,1.020772,0.287069,1.006417,0.233952
3.815335889,1.024420,0.298895,1.020797,0.287153,1.006433,0.234019
3.817302884,1.024445,0.298974,1.020823,0.287236,1.006449,0.234086
3.819269878,1.024470,0.299053,1.020848,0.287320,1.006465,0.234153
3.821236873,1.024495,0.299133,1.020873,0.287403,1.006481,0.234220
3.823203867,1.024520,0.299212,1.020898,0.287487,1.006497,0.234287
3.825170862,1.024545,0.299291,1.020923,0.287570,1.006513,0.234354
3.827137856,1.024570,0.299370,1.020949,0.287654,1.006529,0.234421
3.829104851,1.024595,0.299449,1.020974,0.287737,1.006546,0.234487
3.831071845,1.024620,0.299528,1.020999,0.287820,1.006562,0.234554
3.833038840,1.024645,0.299606,1.021024,0.287903,1.006578,0.234621
3.835005834,1.024670,0.299685,1.021049,0.287987,1.006594,0.234688
3.836972829,1.024695,0.299764,1.021074,0.288070,1.006610,0.234755
3.838939823,1.024720,0.299843,1.021100,0.288153,1.006626,0.234821
3.840906818,1.024745,0.299922,1.021125,0.288236,1.006642,0.234888
3.842873812,1.024770,0.300001,1.021150,0.288319,1.006658,0.234955
3.844840807,1.024795,0.300079,1.021175,0.288402,1.006674,0.235021
3.846807801,1.024820,0.300158,1.021200,0.288485,1.006690,0.235088
3.848774796,1.024845,0.300237,1.021225,0.288569,1.006706,0.235155
3.850741790,1.024870,0.300316,1.021251,0.288652,1.006722,0.235221
3.852708785,1.024895,0.300394,1.021276,0.288735,1.006738,0.235288
3.854675779,1.024920,0.300473,1.021301,0.288817,1.006754,0.235354
3.856642774,1.024945,0.300551,1.021326,0.288900,1.006771,0.235421
3.858609768,1.024970,0.300630,1.021351,0.288983,1.006787,0.235487
3.860576763,1.024995,0.300709,1.021376,0.289066,1.006803,0.235554
3.862543757,1.025020,0.300787,1.021402,0.289149,1.006819,0.235620
3.864510752,1.025045,0.300866,1.021427,0.289232,1.006835,0.235687
3.866477746,1.025070,0.300944,1.021452,0.289315,1.006851,0.235753
3.868444741,1.025095,0.301023,1.021477,0.289397,1.006867,0.235820
3.870411735,1.025120,0.301101,1.021502,0.289480,1.006883,0.235886
3.872378730,1.025145,0.301179,1.021527,0.289563,1.006899,0.235952
3.874345724,1.025170,0.301258,1.021553,0.289645,1.006915,0.236019
3.876312719,1.025194,0.301336,1.021578,0.289728,1.006931,0.236085
3.878279713,1.025219,0.301415,1.021603,0.289811,1.006947,0.236151
3.880246708,1.025244,0.301493,1.021628,0.289893,1.006963,0.236218
3.882213702,1.025269,0.301571,1.021653,0.289976,1.006979,0.236284
3.884180697,1.025294,0.301649,1.021678,0.290058,1.006995,0.236350
3.886147691,1.025319,0.301728,1.021703,0.290141,1.007011,0.236416
3.888114686,1.025344,0.301806,1.021729,0.290223,1.007028,0.236483
3.890081680,1.025369,0.301884,1.021754,0.290306,1.007044,0.236549
3.892048675,1.025394,0.301962,1.021779,0.290388,1.007060,0.236615
3.894015669,1.025419,0.302040,1.021804,0.290470,1.007076,0.236681
3.895982664,1.025444,0.302118,1.021829,0.290553,1.007092,0.236747
3.897949658,1.025469,0.302196,1.021854,0.290635,1.007108,0.236813
3.899916653,1.025494,0.302274,1.021880,0.290717,1.007124,0.236879
3.901883647,1.025519,0.302352,1.021905,0.290799,1.007140,0.236945
3.903850642,1.025544,0.302430,1.021930,0.290882,1.007156,0.237011
3.905817636,1.025569,0.302508,1.021955,0.290964,1.007172,0.237077
3.907784631,1.025594,0.302586,1.021980,0.291046,1.007188,0.237143
3.909751625,1.025619,0.302664,1.022005,0.291128,1.007204,0.237209
3.911718620,1.025644,0.302742,1.022030,0.291210,1.007220,0.237275
3.913685614,1.025669,0.302820,1.022056,0.291292,1.007236,0.237341
3.915652609,1.025694,0.302898,1.022081,0.291374,1.007252,0.237407
3.917619603,1.025719,0.302976,1.022106,0.291456,1.007268,0.237473
3.919586598,1.025744,0.303054,1.022131,0.291538,1.007284,0.237539
3.921553592,1.025768,0.303131,1.022156,0.291620,1.007301,0.237605
3.923520587,1.025793,0.303209,1.022181,0.291702,1.007317,0.237670
3.925487581,1.025818,0.303287,1.022206,0.291784,1.007333,0.237736
3.927454576,1.025843,0.303365,1.022232,0.291866,1.007349,0.237802
3.929421570,1.025868,0.303442,1.022257,0.291948,1.007365,0.237868
3.931388565,1.025893,0.303520,1.022282,0.292030,1.007381,0.237934
3.933355559,1.025918,0.303597,1.022307,0.292112,1.007397,0.237999
3.935322554,1.025943,0.303675,1.022332,0.292193,1.007413,0.238065
3.937289548,1.025968,0.303753,1.022357,0.292275,1.007429,0.238131
3.939256543,1.025993,0.303830,1.022382,0.292357,1.007445,0.238196
3.941223537,1.026018,0.303908,1.022408,0.292438,1.007461,0.238262
3.943190532,1.026043,0.303985,1.022433,0.292520,1.007477,0.238327
3.945157526,1.026068,0.304063,1.022458,0.292602,1.007493,0.238393
3.947124521,1.026093,0.304140,1.022483,0.292683,1.007509,0.238459
3.949091515,1.026118,0.304218,1.022508,0.292765,1.007525,0.238524
3.951058510,1.026143,0.304295,1.022533,0.292846,1.007541,0.238590
3.953025504,1.026168,0.304372,1.022558,0.292928,1.007557,0.238655
3.954992499,1.026192,0.304450,1.022584,0.293009,1.007573,0.238721
3.956959493,1.026217,0.304527,1.022609,0.293091,1.007590,0.238786
3.958926488,1.026242,0.304604,1.022634,0.293172,1.007606,0.238852
3.960893482,1.026267,0.304682,1.022659,0.293254,1.007622,0.238917
3.962860477,1.026292,0.304759,1.022684,0.293335,1.007638,0.238982
3.964827471,1.026317,0.304836,1.022709,0.293416,1.007654,0.239048
3.966794466,1.026342,0.304913,1.022734,0.293498,1.007670,0.239113
3.968761460,1.026367,0.304990,1.022759,0.293579,1.007686,0.239178
3.970728455,1.026392,0.305068,1.022785,0.293660,1.007702,0.239244
3.972695449,1.026417,0.305145,1.022810,0.293742,1.007718,0.239309
3.974662444,1.026442,0.305222,1.022835,0.293823,1.007734,0.239374
3.976629438,1.026467,0.305299,1.022860,0.293904,1.007750,0.239440
3.978596433,1.026492,0.305376,1.022885,0.293985,1.007766,0.239505
3.980563427,1.026517,0.305453,1.022910,0.294066,1.007782,0.239570
3.982530422,1.026542,0.305530,1.022935,0.294147,1.007798,0.239635
3.984497416,1.026566,0.305607,1.022961,0.294228,1.007814,0.239700
3.986464411,1.026591,0.305684,1.022986,0.294309,1.007830,0.239766
3.988431405,1.026616,0.305761,1.023011,0.294390,1.007846,0.239831
3.990398400,1.026641,0.305838,1.023036,0.294471,1.007862,0.239896
3.992365394,1.026666,0.305915,1.023061,0.294552,1.007878,0.239961
3.994332389,1.026691,0.305992,1.023086,0.294633,1.007895,0.240026
3.996299383,1.026716,0.306068,1.023111,0.294714,1.007911,0.240091
3.998266378,1.026741,0.306145,1.023136,0.294795,1.007927,0.240156
4.000233372,1.026766,0.306222,1.023161,0.294876,1.007943,0.240221
4.002200367,1.026791,0.306299,1.023187,0.294957,1.007959,0.240286
4.004167361,1.026816,0.306376,1.023212,0.295038,1.007975,0.240351
4.006134356,1.026841,0.306452,1.023237,0.295118,1.007991,0.240416
4.008101350,1.026866,0.306529,1.023262,0.295199,1.008007,0.240481
4.010068345,1.026891,0.306606,1.023287,0.295280,1.008023,0.240546
4.012035339,1.026915,0.306682,1.023312,0.295360,1.008039,0.240611
4.014002334,1.026940,0.306759,1.023337,0.295441,1.008055,0.240675
4.015969328,1.026965,0.306835,1.023362,0.295522,1.008071,0.240740
4.017936323,1.026990,0.306912,1.023388,0.295602,1.008087,0.240805
4.019903317,1.027015,0.306989,1.023413,0.295683,1.008103,0.240870
4.021870312,1.027040,0.307065,1.023438,0.295763,1.008119,0.240935
4.023837306,1.027065,0.307142,1.023463,0.295844,1.008135,0.240999
4.025804301,1.027090,0.307218,1.023488,0.295924,1.008151,0.241064
4.027771295,1.027115,0.307295,1.023513,0.296005,1.008167,0.241129
4.029738290,1.027140,0.307371,1.023538,0.296085,1.008183,0.241194
4.031705284,1.027165,0.307447,1.023563,0.296166,1.008199,0.241258
4.033672279,1.027190,0.307524,1.023588,0.296246,1.008215,0.241323
4.035639273,1.027214,0.307600,1.023614,0.296327,1.008231,0.241388
4.037606268,1.027239,0.307676,1.023639,0.296407,1.008247,0.241452
4.039573262,1.027264,0.307753,1.023664,0.296487,1.008264,0.241517
4.041540257,1.027289,0.307829,1.023689,0.296567,1.008280,0.241581
4.043507251,1.027314,0.307905,1.023714,0.296648,1.008296,0.241646
4.045474246,1.027339,0.307982,1.023739,0.296728,1.008312,0.241711
4.047441240,1.027364,0.308058,1.023764,0.296808,1.008328,0.241775
4.049408235,1.027389,0.308134,1.023789,0.296888,1.008344,0.241840
4.051375229,1.027414,0.308210,1.023814,0.296968,1.008360,0.241904
4.053342224,1.027439,0.308286,1.023840,0.297049,1.008376,0.241968
4.055309218,1.027464,0.308362,1.023865,0.297129,1.008392,0.242033
4.057276213,1.027488,0.308438,1.023890,0.297209,1.008408,0.242097
4.059243207,1.027513,0.308515,1.023915,0.297289,1.008424,0.242162
4.061210202,1.027538,0.308591,1.023940,0.297369,1.008440,0.242226
4.063177196,1.027563,0.308667,1.023965,0.297449,1.008456,0.242291
4.065144191,1.027588,0.308743,1.023990,0.297529,1.008472,0.242355
4.067111185,1.027613,0.308819,1.024015,0.297609,1.008488,0.242419
4.069078180,1.027638,0.308895,1.024040,0.297688,1.008504,0.242483
4.071045174,1.027663,0.308970,1.024065,0.297768,1.008520,0.242548
4.073012169,1.027688,0.309046,1.024091,0.297848,1.008536,0.242612
4.074979163,1.027713,0.309122,1.024116,0.297928,1.008552,0.242676
4.076946158,1.027737,0.309198,1.024141,0.298008,1.008568,0.242741
4.078913152,1.027762,0.309274,1.024166,0.298088,1.008584,0.242805
4.080880147,1.027787,0.309350,1.024191,0.298167,1.008600,0.242869
4.082847141,1.027812,0.309426,1.024216,0.298247,1.008616,0.242933
4.084814136,1.027837,0.309501,1.024241,0.298327,1.008632,0.242997
4.086781130,1.027862,0.309577,1.024266,0.298406,1.008648,0.243061
4.088748125,1.027887,0.309653,1.024291,0.298486,1.008665,0.243125
4.090715119,1.027912,0.309728,1.024316,0.298566,1.008681,0.243190
4.092682114,1.027937,0.309804,1.024341,0.298645,1.008697,0.243254
4.094649108,1.027962,0.309880,1.024367,0.298725,1.008713,0.243318
4.096616103,1.027986,0.309955,1.024392,0.298804,1.008729,0.243382
4.098583097,1.028011,0.310031,1.024417,0.298884,1.008745,0.243446
4.100550092,1.028036,0.310107,1.024442,0.298963,1.008761,0.243510
4.102517086,1.028061,0.310182,1.024467,0.299043,1.008777,0.243574
4.104484081,1.028086,0.310258,1.024492,0.299122,1.008793,0.243638
4.106451075,1.028111,0.310333,1.024517,0.299201,1.008809,0.243702
4.108418070,1.028136,0.310409,1.024542,0.299281,1.008825,0.243765
4.110385064,1.028161,0.310484,1.024567,0.299360,1.008841,0.243829
4.112352059,1.028186,0.310560,1.024592,0.299440,1.008857,0.243893
4.114319053,1.028210,0.310635,1.024617,0.299519,1.008873,0.243957
4.116286048,1.028235,0.310710,1.024643,0.299598,1.008889,0.244021
4.118253042,1.028260,0.310786,1.024668,0.299677,1.008905,0.244085
4.120220037,1.028285,0.310861,1.024693,0.299757,1.008921,0.244148
4.122187031,1.028310,0.310936,1.024718,0.299836,1.008937,0.244212
4.124154026,1.028335,0.311012,1.024743,0.299915,1.008953,0.244276
4.126121020,1.028360,0.311087,1.024768,0.299994,1.008969,0.244340
4.128088015,1.028385,0.311162,1.024793,0.300073,1.008985,0.244403
4.130055009,1.028410,0.311237,1.024818,0.300152,1.009001,0.244467
4.132022004,1.028434,0.311313,1.024843,0.300231,1.009017,0.244531
4.133988998,1.028459,0.311388,1.024868,0.300310,1.009033,0.244595
4.135955993,1.028484,0.311463,1.024893,0.300389,1.009049,0.244658
4.137922987,1.028509,0.311538,1.024918,0.300468,1.009065,0.244722
4.139889982,1.028534,0.311613,1.024943,0.300547,1.009081,0.244785
4.141856976,1.028559,0.311688,1.024969,0.300626,1.009097,0.244849
4.143823971,1.028584,0.311763,1.024994,0.300705,1.009113,0.244913
4.145790965,1.028609,0.311838,1.025019,0.300784,1.009129,0.244976
4.147757960,1.028633,0.311913,1.025044,0.300863,1.009145,0.245040
4.149724954,1.028658,0.311988,1.025069,0.300942,1.009161,0.245103
4.151691949,1.028683,0.312063,1.025094,0.301020,1.009178,0.245167
4.153658943,1.028708,0.312138,1.025119,0.301099,1.009194,0.245230
4.155625938,1.028733,0.312213,1.025144,0.301178,1.009210,0.245293
4.157592932,1.028758,0.312288,1.025169,0.301257,1.009226,0.245357
4.159559927,1.028783,0.312363,1.025194,0.301335,1.009242,0.245420
4.161526921,1.028808,0.312438,1.025219,0.301414,1.009258,0.245484
4.163493916,1.028833,0.312513,1.025244,0.301493,1.009274,0.245547
4.165460910,1.028857,0.312588,1.025269,0.301571,1.009290,0.245610
4.167427905,1.028882,0.312662,1.025294,0.301650,1.009306,0.245674
4.169394899,1.028907,0.312737,1.025320,0.301728,1.009322,0.245737
4.171361894,1.028932,0.312812,1.025345,0.301807,1.009338,0.245800
4.173328888,1.028957,0.312887,1.025370,0.301885,1.009354,0.245864
4.175295883,1.028982,0.312961,1.025395,0.301964,1.009370,0.245927
4.177262877,1.029007,0.313036,1.025420,0.302042,1.009386,0.245990
4.179229872,1.029031,0.313111,1.025445,0.302121,1.009402,0.246053
4.181196866,1.029056,0.313185,1.025470,0.302199,1.009418,0.246117
4.183163861,1.029081,0.313260,1.025495,0.302278,1.009434,0.246180
4.185130855,1.029106,0.313334,1.025520,0.302356,1.009450,0.246243
4.187097850,1.029131,0.313409,1.025545,0.302434,1.009466,0.246306
4.189064844,1.029156,0.313484,1.025570,0.302513,1.009482,0.246369
4.191031839,1.029181,0.313558,1.025595,0.302591,1.009498,0.246432
4.192998833,1.029206,0.313633,1.025620,0.302669,1.009514,0.246495
4.194965828,1.029230,0.313707,1.025645,0.302747,1.009530,0.246558
4.196932822,1.029255,0.313782,1.025670,0.302826,1.009546,0.246622
4.198899817,1.029280,0.313856,1.025695,0.302904,1.009562,0.246685
4.200866811,1.029305,0.313930,1.025721,0.302982,1.009578,0.246748
4.202833806,1.029330,0.314005,1.025746,0.303060,1.009594,0.246811
4.204800800,1.029355,0.314079,1.025771,0.303138,1.009610,0.246874
4.206767795,1.029380,0.314154,1.025796,0.303216,1.009626,0.246936
4.208734789,1.029404,0.314228,1.025821,0.303294,1.009642,0.246999
4.210701784,1.029429,0.314302,1.025846,0.303372,1.009658,0.247062
4.212668778,1.029454,0.314376,1.025871,0.303450,1.009674,0.247125
4.214635773,1.029479,0.314451,1.025896,0.303528,1.009690,0.247188
4.216602767,1.029504,0.314525,1.025921,0.303606,1.009706,0.247251
4.218569762,1.029529,0.314599,1.025946,0.303684,1.009722,0.247314
4.220536756,1.029554,0.314673,1.025971,0.303762,1.009738,0.247377
4.222503751,1.029578,0.314747,1.025996,0.303840,1.009754,0.247439
4.224470745,1.029603,0.314822,1.026021,0.303918,1.009770,0.247502
4.226437740,1.029628,0.314896,1.026046,0.303996,1.009786,0.247565
4.228404734,1.029653,0.314970,1.026071,0.304074,1.009802,0.247628
4.230371729,1.029678,0.315044,1.026096,0.304151,1.009818,0.247690
4.232338723,1.029703,0.315118,1.026121,0.304229,1.009834,0.247753
4.234305718,1.029728,0.315192,1.026146,0.304307,1.009850,0.247816
4.236272712,1.029752,0.315266,1.026171,0.304385,1.009866,0.247879
4.238239707,1.029777,0.315340,1.026197,0.304462,1.009882,0.247941
4.240206701,1.029802,0.315414,1.026222,0.304540,1.009899,0.248004
4.242173696,1.029827,0.315488,1.026247,0.304618,1.009915,0.248067
4.244140690,1.029852,0.315562,1.026272,0.304695,1.009931,0.248129
4.246107685,1.029877,0.315636,1.026297,0.304773,1.009947,0.248192
4.248074679,1.029902,0.315710,1.026322,0.304850,1.009963,0.248254
4.250041674,1.029926,0.315783,1.026347,0.304928,1.009979,0.248317
4.252008668,1.029951,0.315857,1.026372,0.305005,1.009995,0.248379
4.253975663,1.029976,0.315931,1.026397,0.305083,1.010011,0.248442
4.255942657,1.030001,0.316005,1.026422,0.305160,1.010027,0.248504
4.257909652,1.030026,0.316079,1.026447,0.305238,1.010043,0.248567
4.259876646,1.030051,0.316152,1.026472,0.305315,1.010059,0.248629
4.261843641,1.030075,0.316226,1.026497,0.305393,1.010075,0.248692
4.263810635,1.030100,0.316300,1.026522,0.305470,1.010091,0.248754
4.265777630,1.030125,0.316373,1.026547,0.305547,1.010107,0.248817
4.267744624,1.030150,0.316447,1.026572,0.305625,1.010123,0.248879
4.269711619,1.030175,0.316521,1.026597,0.305702,1.010139,0.248941
4.271678613,1.030200,0.316594,1.026622,0.305779,1.010155,0.249004
4.273645608,1.030225,0.316668,1.026647,0.305856,1.010171,0.249066
4.275612602,1.030249,0.316741,1.026672,0.305934,1.010187,0.249128
4.277579597,1.030274,0.316815,1.026697,0.306011,1.010203,0.249191
4.279546591,1.030299,0.316889,1.026722,0.306088,1.010219,0.249253
4.281513586,1.030324,0.316962,1.026747,0.306165,1.010235,0.249315
4.283480580,1.030349,0.317036,1.026772,0.306242,1.010251,0.249377
4.285447575,1.030374,0.317109,1.026797,0.306319,1.010267,0.249440
4.287414569,1.030398,0.317182,1.026822,0.306396,1.010283,0.249502
4.289381564,1.030423,0.317256,1.026848,0.306473,1.010299,0.249564
4.291348558,1.030448,0.317329,1.026873,0.306550,1.010315,0.249626
4.293315553,1.030473,0.317403,1.026898,0.306627,1.010331,0.249688
4.295282547,1.030498,0.317476,1.026923,0.306704,1.010347,0.249750
4.297249542,1.030523,0.317549,1.026948,0.306781,1.010363,0.249812
4.299216536,1.030547,0.317623,1.026973,0.306858,1.010379,0.249875
4.301183531,1.030572,0.317696,1.026998,0.306935,1.010395,0.249937
4.303150525,1.030597,0.317769,1.027023,0.307012,1.010411,0.249999
4.305117520,1.030622,0.317842,1.027048,0.307089,1.010427,0.250061
4.307084514,1.030647,0.317916,1.027073,0.307166,1.010443,0.250123
4.309051509,1.030672,0.317989,1.027098,0.307242,1.010459,0.250185
4.311018503,1.030696,0.318062,1.027123,0.307319,1.010475,0.250247
4.312985498,1.030721,0.318135,1.027148,0.307396,1.010491,0.250309
4.314952492,1.030746,0.318208,1.027173,0.307473,1.010507,0.250371
4.316919487,1.030771,0.318281,1.027198,0.307549,1.010523,0.250433
4.318886481,1.030796,0.318354,1.027223,0.307626,1.010539,0.250494
4.320853476,1.030821,0.318428,1.027248,0.307703,1.010555,0.250556
4.322820470,1.030845,0.318501,1.027273,0.307779,1.010571,0.250618
4.324787465,1.030870,0.318574,1.027298,0.307856,1.010587,0.250680
4.326754459,1.030895,0.318647,1.027323,0.307933,1.010603,0.250742
4.328721454,1.030920,0.318720,1.027348,0.308009,1.010619,0.250804
4.330688448,1.030945,0.318793,1.027373,0.308086,1.010635,0.250866
4.332655443,1.030969,0.318866,1.027398,0.308162,1.010651,0.250927
4.334622437,1.030994,0.318938,1.027423,0.308239,1.010667,0.250989
4.336589432,1.031019,0.319011,1.027448,0.308315,1.010683,0.251051
4.338556426,1.031044,0.319084,1.027473,0.308392,1.010699,0.251113
4.340523421,1.031069,0.319157,1.027498,0.308468,1.010715,0.251174
4.342490415,1.031094,0.319230,1.027523,0.308544,1.010731,0.251236
4.344457410,1.031118,0.319303,1.027548,0.308621,1.010747,0.251298
4.346424404,1.031143,0.319376,1.027573,0.308697,1.010763,0.251359
4.348391399,1.031168,0.319448,1.027598,0.308773,1.010779,0.251421
4.350358393,1.031193,0.319521,1.027623,0.308850,1.010795,0.251483
4.352325388,1.031218,0.319594,1.027648,0.308926,1.010811,0.251544
4.354292382,1.031242,0.319666,1.027673,0.309002,1.010827,0.251606
4.356259377,1.031267,0.319739,1.027698,0.309078,1.010843,0.251667
4.358226371,1.031292,0.319812,1.027723,0.309155,1.010859,0.251729
4.360193366,1.031317,0.319884,1.027748,0.309231,1.010875,0.251791
4.362160360,1.031342,0.319957,1.027773,0.309307,1.010891,0.251852
4.364127355,1.031367,0.320030,1.027798,0.309383,1.010907,0.251914
4.366094349,1.031391,0.320102,1.027823,0.309459,1.010923,0.251975
4.368061344,1.031416,0.320175,1.027848,0.309535,1.010939,0.252037
4.370028338,1.031441,0.320247,1.027873,0.309611,1.010955,0.252098
4.371995333,1.031466,0.320320,1.027898,0.309687,1.010971,0.252159
4.373962327,1.031491,0.320392,1.027923,0.309763,1.010987,0.252221
4.375929322,1.031515,0.320465,1.027948,0.309839,1.011003,0.252282
4.377896316,1.031540,0.320537,1.027973,0.309915,1.011019,0.252344
4.379863311,1.031565,0.320610,1.027998,0.309991,1.011035,0.252405
4.381830305,1.031590,0.320682,1.028023,0.310067,1.011051,0.252466
4.383797300,1.031615,0.320755,1.028048,0.310143,1.011067,0.252528
4.385764294,1.031639,0.320827,1.028073,0.310219,1.011083,0.252589
4.387731289,1.031664,0.320899,1.028098,0.310295,1.011099,0.252650
4.389698283,1.031689,0.320972,1.028123,0.310371,1.011115,0.252712
4.391665278,1.031714,0.321044,1.028148,0.310446,1.011131,0.252773
4.393632272,1.031739,0.321116,1.028173,0.310522,1.011147,0.252834
4.395599267,1.031763,0.321188,1.028198,0.310598,1.011163,0.252895
4.397566261,1.031788,0.321261,1.028223,0.310674,1.011179,0.252956
4.399533256,1.031813,0.321333,1.028248,0.310749,1.011195,0.253018
4.401500250,1.031838,0.321405,1.028273,0.310825,1.011211,0.253079
4.403467245,1.031863,0.321477,1.028298,0.310901,1.011227,0.253140
4.405434239,1.031887,0.321549,1.028323,0.310976,1.011243,0.253201
4.407401234,1.031912,0.321622,1.028348,0.311052,1.011259,0.253262
4.409368228,1.031937,0.321694,1.028373,0.311128,1.011275,0.253323
4.411335223,1.031962,0.321766,1.028398,0.311203,1.011291,0.253384
4.413302217,1.031987,0.321838,1.028423,0.311279,1.011307,0.253445
4.415269212,1.032011,0.321910,1.028448,0.311354,1.011323,0.253507
4.417236206,1.032036,0.321982,1.028473,0.311430,1.011339,0.253568
4.419203201,1.032061,0.322054,1.028498,0.311505,1.011355,0.253629
4.421170195,1.032086,0.322126,1.028523,0.311581,1.011371,0.253690
4.423137190,1.032111,0.322198,1.028548,0.311656,1.011387,0.253751
4.425104184,1.032135,0.322270,1.028573,0.311731,1.011403,0.253811
4.427071179,1.032160,0.322342,1.028598,0.311807,1.011419,0.253872
4.429038173,1.032185,0.322414,1.028623,0.311882,1.011435,0.253933
4.431005168,1.032210,0.322486,1.028648,0.311957,1.011451,0.253994
4.432972162,1.032235,0.322558,1.028673,0.312033,1.011467,0.254055
4.434939157,1.032259,0.322629,1.028698,0.312108,1.011483,0.254116
4.436906151,1.032284,0.322701,1.028723,0.312183,1.011499,0.254177
4.438873146,1.032309,0.322773,1.028748,0.312259,1.011515,0.254238
4.440840140,1.032334,0.322845,1.028773,0.312334,1.011531,0.254299
4.442807135,1.032359,0.322917,1.028798,0.312409,1.011547,0.254359
4.444774129,1.032383,0.322988,1.028823,0.312484,1.011563,0.254420
4.446741124,1.032408,0.323060,1.028848,0.312559,1.011579,0.254481
4.448708118,1.032433,0.323132,1.028873,0.312634,1.011595,0.254542
4.450675113,1.032458,0.323203,1.028898,0.312710,1.011611,0.254602
4.452642107,1.032483,0.323275,1.028923,0.312785,1.011627,0.254663
4.454609102,1.032507,0.323347,1.028948,0.312860,1.011643,0.254724
4.456576096,1.032532,0.323418,1.028973,0.312935,1.011659,0.254785
4.458543091,1.032557,0.323490,1.028998,0.313010,1.011675,0.254845
4.460510085,1.032582,0.323562,1.029023,0.313085,1.011691,0.254906
4.462477080,1.032606,0.323633,1.029048,0.313160,1.011707,0.254967
4.464444074,1.032631,0.323705,1.029073,0.313235,1.011723,0.255027
4.466411069,1.032656,0.323776,1.029098,0.313310,1.011739,0.255088
4.468378063,1.032681,0.323848,1.029123,0.313384,1.011755,0.255148
4.470345058,1.032706,0.323919,1.029148,0.313459,1.011771,0.255209
4.472312052,1.032730,0.323991,1.029173,0.313534,1.011787,0.255269
4.474279047,1.032755,0.324062,1.029198,0.313609,1.011803,0.255330
4.476246041,1.032780,0.324133,1.029223,0.313684,1.011819,0.255391
4.478213036,1.032805,0.324205,1.029248,0.313759,1.011835,0.255451
4.480180030,1.032829,0.324276,1.029273,0.313833,1.011851,0.255512
4.482147025,1.032854,0.324348,1.029298,0.313908,1.011867,0.255572
4.484114019,1.032879,0.324419,1.029323,0.313983,1.011883,0.255632
4.486081014,1.032904,0.324490,1.029347,0.314058,1.011899,0.255693
4.488048008,1.032929,0.324562,1.029372,0.314132,1.011915,0.255753
4.490015003,1.032953,0.324633,1.029397,0.314207,1.011931,0.255814
4.491981997,1.032978,0.324704,1.029422,0.314281,1.011947,0.255874
4.493948991,1.033003,0.324775,1.029447,0.314356,1.011962,0.255934
4.495915986,1.033028,0.324847,1.029472,0.314431,1.011978,0.255995
4.497882980,1.033052,0.324918,1.029497,0.314505,1.011994,0.256055
4.499849975,1.033077,0.324989,1.029522,0.314580,1.012010,0.256115
4.501816969,1.033102,0.325060,1.029547,0.314654,1.012026,0.256176
4.503783964,1.033127,0.325131,1.029572,0.314729,1.012042,0.256236
4.505750958,1.033152,0.325202,1.029597,0.314803,1.012058,0.256296
4.507717953,1.033176,0.325273,1.029622,0.314878,1.012074,0.256357
4.509684947,1.033201,0.325345,1.029647,0.314952,1.012090,0.256417
4.511651942,1.033226,0.325416,1.029672,0.315026,1.012106,0.256477
4.513618936,1.033251,0.325487,1.029697,0.315101,1.012122,0.256537
4.515585931,1.033275,0.325558,1.029722,0.315175,1.012138,0.256597
4.517552925,1.033300,0.325629,1.029747,0.315250,1.012154,0.256658
4.519519920,1.033325,0.325700,1.029772,0.315324,1.012170,0.256718
4.521486914,1.033350,0.325771,1.029797,0.315398,1.012186,0.256778
4.523453909,1.033374,0.325842,1.029822,0.315472,1.012202,0.256838
4.525420903,1.033399,0.325912,1.029847,0.315547,1.012218,0.256898
4.527387898,1.033424,0.325983,1.029872,0.315621,1.012234,0.256958
4.529354892,1.033449,0.326054,1.029897,0.315695,1.012250,0.257018
4.531321887,1.033473,0.326125,1.029922,0.315769,1.012266,0.257078
4.533288881,1.033498,0.326196,1.029947,0.315843,1.012282,0.257138
4.535255876,1.033523,0.326267,1.029972,0.315918,1.012298,0.257198
4.537222870,1.033548,0.326337,1.029996,0.315992,1.012314,0.257258
4.539189865,1.033573,0.326408,1.030021,0.316066,1.012330,0.257318
4.541156859,1.033597,0.326479,1.030046,0.316140,1.012346,0.257378
4.543123854,1.033622,0.326550,1.030071,0.316214,1.012362,0.257438
4.545090848,1.033647,0.326620,1.030096,0.316288,1.012378,0.257498
4.547057843,1.033672,0.326691,1.030121,0.316362,1.012394,0.257558
4.549024837,1.033696,0.326762,1.030146,0.316436,1.012410,0.257618
4.550991832,1.033721,0.326833,1.030171,0.316510,1.012426,0.257678
4.552958826,1.033746,0.326903,1.030196,0.316584,1.012442,0.257738
4.554925821,1.033771,0.326974,1.030221,0.316658,1.012458,0.257798
4.556892815,1.033795,0.327044,1.030246,0.316732,1.012474,0.257857
4.558859810,1.033820,0.327115,1.030271,0.316805,1.012490,0.257917
4.560826804,1.033845,0.327186,1.030296,0.316879,1.012506,0.257977
4.562793799,1.033870,0.327256,1.030321,0.316953,1.012522,0.258037
4.564760793,1.033894,0.327327,1.030346,0.317027,1.012538,0.258097
4.566727788,1.033919,0.327397,1.030371,0.317101,1.012554,0.258156
4.568694782,1.033944,0.327468,1.030396,0.317174,1.012570,0.258216
4.570661777,1.033969,0.327538,1.030421,0.317248,1.012586,0.258276
4.572628771,1.033993,0.327608,1.030446,0.317322,1.012602,0.258336
4.574595766,1.034018,0.327679,1.030470,0.317396,1.012618,0.258395
4.576562760,1.034043,0.327749,1.030495,0.317469,1.012634,0.258455
4.578529755,1.034068,0.327820,1.030520,0.317543,1.012650,0.258515
4.580496749,1.034092,0.327890,1.030545,0.317617,1.012666,0.258574
4.582463744,1.034117,0.327960,1.030570,0.317690,1.012681,0.258634
4.584430738,1.034142,0.328031,1.030595,0.317764,1.012697,0.258693
4.586397733,1.034167,0.328101,1.030620,0.317837,1.012713,0.258753
4.588364727,1.034191,0.328171,1.030645,0.317911,1.012729,0.258813
4.590331722,1.034216,0.328242,1.030670,0.317984,1.012745,0.258872
4.592298716,1.034241,0.328312,1.030695,0.318058,1.012761,0.258932
4.594265711,1.034266,0.328382,1.030720,0.318131,1.012777,0.258991
4.596232705,1.034290,0.328452,1.030745,0.318205,1.012793,0.259051
4.598199700,1.034315,0.328522,1.030770,0.318278,1.012809,0.259110
4.600166694,1.034340,0.328593,1.030795,0.318352,1.012825,0.259170
4.602133689,1.034365,0.328663,1.030820,0.318425,1.012841,0.259229
4.604100683,1.034389,0.328733,1.030845,0.318498,1.012857,0.259289
4.606067678,1.034414,0.328803,1.030869,0.318572,1.012873,0.259348
4.608034672,1.034439,0.328873,1.030894,0.318645,1.012889,0.259407
4.610001667,1.034463,0.328943,1.030919,0.318718,1.012905,0.259467
4.611968661,1.034488,0.329013,1.030944,0.318792,1.012921,0.259526
4.613935656,1.034513,0.329083,1.030969,0.318865,1.012937,0.259586
4.615902650,1.034538,0.329153,1.030994,0.318938,1.012953,0.259645
4.617869645,1.034562,0.329223,1.031019,0.319011,1.012969,0.259704
4.619836639,1.034587,0.329293,1.031044,0.319084,1.012985,0.259764
4.621803634,1.034612,0.329363,1.031069,0.319158,1.013001,0.259823
4.623770628,1.034637,0.329433,1.031094,0.319231,1.013017,0.259882
4.625737623,1.034661,0.329503,1.031119,0.319304,1.013033,0.259942
4.627704617,1.034686,0.329573,1.031144,0.319377,1.013049,0.260001
4.629671612,1.034711,0.329643,1.031169,0.319450,1.013065,0.260060
4.631638606,1.034736,0.329713,1.031194,0.319523,1.013081,0.260119
4.633605601,1.034760,0.329782,1.031218,0.319596,1.013097,0.260178
4.635572595,1.034785,0.329852,1.031243,0.319669,1.013113,0.260238
4.637539590,1.034810,0.329922,1.031268,0.319742,1.013129,0.260297
4.639506584,1.034834,0.329992,1.031293,0.319815,1.013145,0.260356
4.641473579,1.034859,0.330062,1.031318,0.319888,1.013161,0.260415
4.643440573,1.034884,0.330131,1.031343,0.319961,1.013177,0.260474
4.645407568,1.034909,0.330201,1.031368,0.320034,1.013192,0.260533
4.647374562,1.034933,0.330271,1.031393,0.320107,1.013208,0.260592
4.649341557,1.034958,0.330340,1.031418,0.320180,1.013224,0.260651
4.651308551,1.034983,0.330410,1.031443,0.320253,1.013240,0.260711
4.653275546,1.035008,0.330480,1.031468,0.320326,1.013256,0.260770
4.655242540,1.035032,0.330549,1.031493,0.320398,1.013272,0.260829
4.657209535,1.035057,0.330619,1.031518,0.320471,1.013288,0.260888
4.659176529,1.035082,0.330689,1.031542,0.320544,1.013304,0.260947
4.661143524,1.035106,0.330758,1.031567,0.320617,1.013320,0.261006
4.663110518,1.035131,0.330828,1.031592,0.320689,1.013336,0.261065
4.665077513,1.035156,0.330897,1.031617,0.320762,1.013352,0.261124
4.667044507,1.035181,0.330967,1.031642,0.320835,1.013368,0.261182
4.669011502,1.035205,0.331036,1.031667,0.320907,1.013384,0.261241
4.670978496,1.035230,0.331106,1.031692,0.320980,1.013400,0.261300
4.672945491,1.035255,0.331175,1.031717,0.321053,1.013416,0.261359
4.674912485,1.035280,0.331245,1.031742,0.321125,1.013432,0.261418
4.676879480,1.035304,0.331314,1.031767,0.321198,1.013448,0.261477
4.678846474,1.035329,0.331383,1.031792,0.321270,1.013464,0.261536
4.680813469,1.035354,0.331453,1.031816,0.321343,1.013480,0.261595
4.682780463,1.035378,0.331522,1.031841,0.321415,1.013496,0.261653
4.684747458,1.035403,0.331591,1.031866,0.321488,1.013512,0.261712
4.686714452,1.035428,0.331661,1.031891,0.321560,1.013528,0.261771
4.688681447,1.035453,0.331730,1.031916,0.321633,1.013544,0.261830
4.690648441,1.035477,0.331799,1.031941,0.321705,1.013560,0.261888
4.692615436,1.035502,0.331869,1.031966,0.321778,1.013576,0.261947
4.694582430,1.035527,0.331938,1.031991,0.321850,1.013592,0.262006
4.696549425,1.035551,0.332007,1.032016,0.321922,1.013607,0.262065
4.698516419,1.035576,0.332076,1.032041,0.321995,1.013623,0.262123
4.700483414,1.035601,0.332145,1.032066,0.322067,1.013639,0.262182
4.702450408,1.035626,0.332215,1.032090,0.322139,1.013655,0.262241
4.704417403,1.035650,0.332284,1.032115,0.322212,1.013671,0.262299
4.706384397,1.035675,0.332353,1.032140,0.322284,1.013687,0.262358
4.708351392,1.035700,0.332422,1.032165,0.322356,1.013703,0.262417
4.710318386,1.035724,0.332491,1.032190,0.322428,1.013719,0.262475
4.712285381,1.035749,0.332560,1.032215,0.322501,1.013735,0.262534
4.714252375,1.035774,0.332629,1.032240,0.322573,1.013751,0.262592
4.716219370,1.035799,0.332698,1.032265,0.322645,1.013767,0.262651
4.718186364,1.035823,0.332767,1.032290,0.322717,1.013783,0.262709
4.720153359,1.035848,0.332836,1.032315,0.322789,1.013799,0.262768
4.722120353,1.035873,0.332905,1.032339,0.322861,1.013815,0.262826
4.724087348,1.035897,0.332974,1.032364,0.322933,1.013831,0.262885
4.726054342,1.035922,0.333043,1.032389,0.323005,1.013847,0.262943
4.728021337,1.035947,0.333112,1.032414,0.323077,1.013863,0.263002
4.729988331,1.035971,0.333181,1.032439,0.323149,1.013879,0.263060
4.731955326,1.035996,0.333250,1.032464,0.323221,1.013895,0.263119
4.733922320,1.036021,0.333319,1.032489,0.323293,1.013911,0.263177
4.735889315,1.036046,0.333388,1.032514,0.323365,1.013927,0.263235
4.737856309,1.036070,0.333457,1.032539,0.323437,1.013943,0.263294
4.739823304,1.036095,0.333525,1.032564,0.323509,1.013958,0.263352
4.741790298,1.036120,0.333594,1.032588,0.323581,1.013974,0.263410
4.743757293,1.036144,0.333663,1.032613,0.323653,1.013990,0.263469
4.745724287,1.036169,0.333732,1.032638,0.323725,1.014006,0.263527
4.747691282,1.036194,0.333800,1.032663,0.323797,1.014022,0.263585
4.749658276,1.036218,0.333869,1.032688,0.323868,1.014038,0.263644
4.751625271,1.036243,0.333938,1.032713,0.323940,1.014054,0.263702
4.753592265,1.036268,0.334007,1.032738,0.324012,1.014070,0.263760
4.755559260,1.036293,0.334075,1.032763,0.324084,1.014086,0.263818
4.757526254,1.036317,0.334144,1.032787,0.324155,1.014102,0.263877
4.759493249,1.036342,0.334212,1.032812,0.324227,1.014118,0.263935
4.761460243,1.036367,0.334281,1.032837,0.324299,1.014134,0.263993
4.763427238,1.036391,0.334350,1.032862,0.324370,1.014150,0.264051
4.765394232,1.036416,0.334418,1.032887,0.324442,1.014166,0.264109
4.767361227,1.036441,0.334487,1.032912,0.324514,1.014182,0.264168
4.769328221,1.036465,0.334555,1.032937,0.324585,1.014198,0.264226
4.771295216,1.036490,0.334624,1.032962,0.324657,1.014214,0.264284
4.773262210,1.036515,0.334692,1.032987,0.324728,1.014230,0.264342
4.775229205,1.036539,0.334761,1.033011,0.324800,1.014246,0.264400
4.777196199,1.036564,0.334829,1.033036,0.324872,1.014262,0.264458
4.779163194,1.036589,0.334898,1.033061,0.324943,1.014277,0.264516
4.781130188,1.036614,0.334966,1.033086,0.325015,1.014293,0.264574
4.783097183,1.036638,0.335035,1.033111,0.325086,1.014309,0.264632
4.785064177,1.036663,0.335103,1.033136,0.325157,1.014325,0.264690
4.787031172,1.036688,0.335171,1.033161,0.325229,1.014341,0.264748
4.788998166,1.036712,0.335240,1.033186,0.325300,1.014357,0.264806
4.790965161,1.036737,0.335308,1.033210,0.325372,1.014373,0.264864
4.792932155,1.036762,0.335376,1.033235,0.325443,1.014389,0.264922
4.794899150,1.036786,0.335445,1.033260,0.325514,1.014405,0.264980
4.796866144,1.036811,0.335513,1.033285,0.325586,1.014421,0.265038
4.798833139,1.036836,0.335581,1.033310,0.325657,1.014437,0.265096
4.800800133,1.036860,0.335649,1.033335,0.325728,1.014453,0.265154
4.802767128,1.036885,0.335718,1.033360,0.325799,1.014469,0.265212
4.804734122,1.036910,0.335786,1.033385,0.325871,1.014485,0.265269
4.806701117,1.036934,0.335854,1.033409,0.325942,1.014501,0.265327
4.808668111,1.036959,0.335922,1.033434,0.326013,1.014517,0.265385
4.810635106,1.036984,0.335990,1.033459,0.326084,1.014533,0.265443
4.812602100,1.037008,0.336059,1.033484,0.326155,1.014549,0.265501
4.814569095,1.037033,0.336127,1.033509,0.326227,1.014564,0.265558
4.816536089,1.037058,0.336195,1.033534,0.326298,1.014580,0.265616
4.818503084,1.037082,0.336263,1.033559,0.326369,1.014596,0.265674
4.820470078,1.037107,0.336331,1.033584,0.326440,1.014612,0.265732
4.822437073,1.037132,0.336399,1.033608,0.326511,1.014628,0.265789
4.824404067,1.037156,0.336467,1.033633,0.326582,1.014644,0.265847
4.826371062,1.037181,0.336535,1.033658,0.326653,1.014660,0.265905
4.828338056,1.037206,0.336603,1.033683,0.326724,1.014676,0.265963
4.830305051,1.037231,0.336671,1.033708,0.326795,1.014692,0.266020
4.832272045,1.037255,0.336739,1.033733,0.326866,1.014708,0.266078
4.834239040,1.037280,0.336807,1.033758,0.326937,1.014724,0.266135
4.836206034,1.037305,0.336875,1.033782,0.327008,1.014740,0.266193
4.838173029,1.037329,0.336943,1.033807,0.327079,1.014756,0.266251
4.840140023,1.037354,0.337011,1.033832,0.327149,1.014772,0.266308
4.842107018,1.037379,0.337078,1.033857,0.327220,1.014788,0.266366
4.844074012,1.037403,0.337146,1.033882,0.327291,1.014804,0.266423
4.846041007,1.037428,0.337214,1.033907,0.327362,1.014820,0.266481
4.848008001,1.037453,0.337282,1.033932,0.327433,1.014835,0.266538
4.849974996,1.037477,0.337350,1.033956,0.327504,1.014851,0.266596
4.851941990,1.037502,0.337417,1.033981,0.327574,1.014867,0.266654
4.853908985,1.037527,0.337485,1.034006,0.327645,1.014883,0.266711
4.855875979,1.037551,0.337553,1.034031,0.327716,1.014899,0.266768
4.857842974,1.037576,0.337621,1.034056,0.327786,1.014915,0.266826
4.859809968,1.037601,0.337688,1.034081,0.327857,1.014931,0.266883
4.861776963,1.037625,0.337756,1.034106,0.327928,1.014947,0.266941
4.863743957,1.037650,0.337824,1.034130,0.327998,1.014963,0.266998
4.865710952,1.037675,0.337891,1.034155,0.328069,1.014979,0.267056
4.867677946,1.037699,0.337959,1.034180,0.328140,1.014995,0.267113
4.869644941,1.037724,0.338027,1.034205,0.328210,1.015011,0.267170
4.871611935,1.037748,0.338094,1.034230,0.328281,1.015027,0.267228
4.873578930,1.037773,0.338162,1.034255,0.328351,1.015043,0.267285
4.875545924,1.037798,0.338229,1.034280,0.328422,1.015059,0.267342
4.877512919,1.037822,0.338297,1.034304,0.328492,1.015074,0.267400
4.879479913,1.037847,0.338364,1.034329,0.328563,1.015090,0.267457
4.881446908,1.037872,0.338432,1.034354,0.328633,1.015106,0.267514
4.883413902,1.037896,0.338499,1.034379,0.328704,1.015122,0.267571
4.885380897,1.037921,0.338567,1.034404,0.328774,1.015138,0.267629
4.887347891,1.037946,0.338634,1.034429,0.328845,1.015154,0.267686
4.889314886,1.037970,0.338702,1.034454,0.328915,1.015170,0.267743
4.891281880,1.037995,0.338769,1.034478,0.328985,1.015186,0.267800
4.893248875,1.038020,0.338837,1.034503,0.329056,1.015202,0.267858
4.895215869,1.038044,0.338904,1.034528,0.329126,1.015218,0.267915
4.897182864,1.038069,0.338971,1.034553,0.329196,1.015234,0.267972
4.899149858,1.038094,0.339039,1.034578,0.329266,1.015250,0.268029
4.901116853,1.038118,0.339106,1.034603,0.329337,1.015266,0.268086
4.903083847,1.038143,0.339173,1.034627,0.329407,1.015282,0.268143
4.905050842,1.038168,0.339241,1.034652,0.329477,1.015298,0.268200
4.907017836,1.038192,0.339308,1.034677,0.329547,1.015313,0.268257
4.908984831,1.038217,0.339375,1.034702,0.329618,1.015329,0.268315
4.910951825,1.038242,0.339442,1.034727,0.329688,1.015345,0.268372
4.912918820,1.038266,0.339510,1.034752,0.329758,1.015361,0.268429
4.914885814,1.038291,0.339577,1.034776,0.329828,1.015377,0.268486
4.916852809,1.038316,0.339644,1.034801,0.329898,1.015393,0.268543
4.918819803,1.038340,0.339711,1.034826,0.329968,1.015409,0.268600
4.920786798,1.038365,0.339778,1.034851,0.330038,1.015425,0.268657
4.922753792,1.038389,0.339846,1.034876,0.330108,1.015441,0.268714
4.924720787,1.038414,0.339913,1.034901,0.330178,1.015457,0.268771
4.926687781,1.038439,0.339980,1.034925,0.330248,1.015473,0.268828
4.928654776,1.038463,0.340047,1.034950,0.330318,1.015489,0.268885
4.930621770,1.038488,0.340114,1.034975,0.330388,1.015505,0.268941
4.932588765,1.038513,0.340181,1.035000,0.330458,1.015521,0.268998
4.934555759,1.038537,0.340248,1.035025,0.330528,1.015536,0.269055
4.936522754,1.038562,0.340315,1.035050,0.330598,1.015552,0.269112
4.938489748,1.038587,0.340382,1.035074,0.330668,1.015568,0.269169
4.940456743,1.038611,0.340449,1.035099,0.330738,1.015584,0.269226
4.942423737,1.038636,0.340516,1.035124,0.330808,1.015600,0.269283
4.944390732,1.038661,0.340583,1.035149,0.330878,1.015616,0.269339
4.946357726,1.038685,0.340650,1.035174,0.330947,1.015632,0.269396
4.948324721,1.038710,0.340717,1.035199,0.331017,1.015648,0.269453
4.950291715,1.038734,0.340784,1.035223,0.331087,1.015664,0.269510
4.952258710,1.038759,0.340850,1.035248,0.331157,1.015680,0.269567
4.954225704,1.038784,0.340917,1.035273,0.331227,1.015696,0.269623
4.956192699,1.038808,0.340984,1.035298,0.331296,1.015712,0.269680
4.958159693,1.038833,0.341051,1.035323,0.331366,1.015728,0.269737
4.960126688,1.038858,0.341118,1.035348,0.331436,1.015744,0.269793
4.962093682,1.038882,0.341185,1.035372,0.331505,1.015759,0.269850
4.964060677,1.038907,0.341251,1.035397,0.331575,1.015775,0.269907
4.966027671,1.038932,0.341318,1.035422,0.331645,1.015791,0.269963
4.967994666,1.038956,0.341385,1.035447,0.331714,1.015807,0.270020
4.969961660,1.038981,0.341452,1.035472,0.331784,1.015823,0.270077
4.971928655,1.039005,0.341518,1.035497,0.331853,1.015839,0.270133
4.973895649,1.039030,0.341585,1.035521,0.331923,1.015855,0.270190
4.975862644,1.039055,0.341652,1.035546,0.331992,1.015871,0.270246
4.977829638,1.039079,0.341718,1.035571,0.332062,1.015887,0.270303
4.979796633,1.039104,0.341785,1.035596,0.332131,1.015903,0.270360
4.981763627,1.039129,0.341851,1.035621,0.332201,1.015919,0.270416
4.983730622,1.039153,0.341918,1.035645,0.332270,1.015935,0.270473
4.985697616,1.039178,0.341985,1.035670,0.332340,1.015951,0.270529
4.987664611,1.039202,0.342051,1.035695,0.332409,1.015966,0.270586
4.989631605,1.039227,0.342118,1.035720,0.332479,1.015982,0.270642
4.991598600,1.039252,0.342184,1.035745,0.332548,1.015998,0.270699
4.993565594,1.039276,0.342251,1.035770,0.332617,1.016014,0.270755
4.995532589,1.039301,0.342317,1.035794,0.332687,1.016030,0.270812
4.997499583,1.039326,0.342384,1.035819,0.332756,1.016046,0.270868
4.999466578,1.039350,0.342450,1.035844,0.332825,1.016062,0.270924
5.001433572,1.039375,0.342517,1.035869,0.332895,1.016078,0.270981
5.003400567,1.039399,0.342583,1.035894,0.332964,1.016094,0.271037
5.005367561,1.039424,0.342650,1.035918,0.333033,1.016110,0.271094
5.007334556,1.039449,0.342716,1.035943,0.333102,1.016126,0.271150
5.009301550,1.039473,0.342782,1.035968,0.333172,1.016142,0.271206
5.011268545,1.039498,0.342849,1.035993,0.333241,1.016157,0.271263
5.013235539,1.039523,0.342915,1.036018,0.333310,1.016173,0.271319
5.015202534,1.039547,0.342981,1.036042,0.333379,1.016189,0.271375
5.017169528,1.039572,0.343048,1.036067,0.333448,1.016205,0.271431
5.019136523,1.039596,0.343114,1.036092,0.333517,1.016221,0.271488
5.021103517,1.039621,0.343180,1.036117,0.333586,1.016237,0.271544
5.023070512,1.039646,0.343246,1.036142,0.333656,1.016253,0.271600
5.025037506,1.039670,0.343313,1.036166,0.333725,1.016269,0.271656
5.027004501,1.039695,0.343379,1.036191,0.333794,1.016285,0.271713
5.028971495,1.039719,0.343445,1.036216,0.333863,1.016301,0.271769
5.030938490,1.039744,0.343511,1.036241,0.333932,1.016317,0.271825
5.032905484,1.039769,0.343577,1.036266,0.334001,1.016333,0.271881
5.034872479,1.039793,0.343644,1.036291,0.334070,1.016348,0.271937
5.036839473,1.039818,0.343710,1.036315,0.334139,1.016364,0.271994
5.038806468,1.039843,0.343776,1.036340,0.334207,1.016380,0.272050
5.040773462,1.039867,0.343842,1.036365,0.334276,1.016396,0.272106
5.042740457,1.039892,0.343908,1.036390,0.334345,1.016412,0.272162
5.044707451,1.039916,0.343974,1.036415,0.334414,1.016428,0.272218
5.046674446,1.039941,0.344040,1.036439,0.334483,1.016444,0.272274
5.048641440,1.039966,0.344106,1.036464,0.334552,1.016460,0.272330
5.050608435,1.039990,0.344172,1.036489,0.334621,1.016476,0.272386
5.052575429,1.040015,0.344238,1.036514,0.334689,1.016492,0.272442
5.054542424,1.040039,0.344304,1.036538,0.334758,1.016508,0.272498
5.056509418,1.040064,0.344370,1.036563,0.334827,1.016524,0.272554
5.058476413,1.040089,0.344436,1.036588,0.334896,1.016539,0.272610
5.060443407,1.040113,0.344502,1.036613,0.334964,1.016555,0.272666
5.062410402,1.040138,0.344568,1.036638,0.335033,1.016571,0.272722
5.064377396,1.040162,0.344634,1.036662,0.335102,1.016587,0.272778
5.066344391,1.040187,0.344700,1.036687,0.335171,1.016603,0.272834
5.068311385,1.040212,0.344766,1.036712,0.335239,1.016619,0.272890
5.070278380,1.040236,0.344832,1.036737,0.335308,1.016635,0.272946
5.072245374,1.040261,0.344897,1.036762,0.335376,1.016651,0.273002
5.074212369,1.040285,0.344963,1.036786,0.335445,1.016667,0.273058
5.076179363,1.040310,0.345029,1.036811,0.335514,1.016683,0.273114
5.078146358,1.040335,0.345095,1.036836,0.335582,1.016699,0.273169
5.080113352,1.040359,0.345161,1.036861,0.335651,1.016714,0.273225
5.082080347,1.040384,0.345226,1.036886,0.335719,1.016730,0.273281
5.084047341,1.040408,0.345292,1.036910,0.335788,1.016746,0.273337
5.086014336,1.040433,0.345358,1.036935,0.335856,1.016762,0.273393
5.087981330,1.040458,0.345423,1.036960,0.335925,1.016778,0.273449
5.089948325,1.040482,0.345489,1.036985,0.335993,1.016794,0.273504
5.091915319,1.040507,0.345555,1.037010,0.336062,1.016810,0.273560
5.093882314,1.040531,0.345620,1.037034,0.336130,1.016826,0.273616
5.095849308,1.040556,0.345686,1.037059,0.336198,1.016842,0.273672
5.097816303,1.040581,0.345752,1.037084,0.336267,1.016858,0.273727
5.099783297,1.040605,0.345817,1.037109,0.336335,1.016874,0.273783
5.101750292,1.040630,0.345883,1.037133,0.336403,1.016889,0.273839
5.103717286,1.040654,0.345948,1.037158,0.336472,1.016905,0.273894
5.105684281,1.040679,0.346014,1.037183,0.336540,1.016921,0.273950
5.107651275,1.040704,0.346080,1.037208,0.336608,1.016937,0.274006
5.109618270,1.040728,0.346145,1.037233,0.336677,1.016953,0.274061
5.111585264,1.040753,0.346211,1.037257,0.336745,1.016969,0.274117
5.113552259,1.040777,0.346276,1.037282,0.336813,1.016985,0.274173
5.115519253,1.040802,0.346342,1.037307,0.336881,1.017001,0.274228
5.117486248,1.040826,0.346407,1.037332,0.336949,1.017017,0.274284
5.119453242,1.040851,0.346472,1.037356,0.337018,1.017033,0.274339
5.121420237,1.040876,0.346538,1.037381,0.337086,1.017048,0.274395
5.123387231,1.040900,0.346603,1.037406,0.337154,1.017064,0.274450
5.125354226,1.040925,0.346669,1.037431,0.337222,1.017080,0.274506
5.127321220,1.040949,0.346734,1.037456,0.337290,1.017096,0.274561
5.129288215,1.040974,0.346799,1.037480,0.337358,1.017112,0.274617
5.131255209,1.040999,0.346865,1.037505,0.337426,1.017128,0.274672
5.133222204,1.041023,0.346930,1.037530,0.337494,1.017144,0.274728
5.135189198,1.041048,0.346995,1.037555,0.337562,1.017160,0.274783
5.137156193,1.041072,0.347061,1.037579,0.337630,1.017176,0.274839
5.139123187,1.041097,0.347126,1.037604,0.337698,1.017192,0.274894
5.141090182,1.041121,0.347191,1.037629,0.337766,1.017207,0.274950
5.143057176,1.041146,0.347256,1.037654,0.337834,1.017223,0.275005
5.145024171,1.041171,0.347322,1.037678,0.337902,1.017239,0.275061
5.146991165,1.041195,0.347387,1.037703,0.337970,1.017255,0.275116
5.148958160,1.041220,0.347452,1.037728,0.338038,1.017271,0.275171
5.150925154,1.041244,0.347517,1.037753,0.338106,1.017287,0.275227
5.152892149,1.041269,0.347582,1.037778,0.338174,1.017303,0.275282
5.154859143,1.041294,0.347647,1.037802,0.338242,1.017319,0.275337
5.156826138,1.041318,0.347713,1.037827,0.338310,1.017335,0.275393
5.158793132,1.041343,0.347778,1.037852,0.338377,1.017351,0.275448
5.160760127,1.041367,0.347843,1.037877,0.338445,1.017366,0.275503
5.162727121,1.041392,0.347908,1.037901,0.338513,1.017382,0.275558
5.164694116,1.041416,0.347973,1.037926,0.338581,1.017398,0.275614
5.166661110,1.041441,0.348038,1.037951,0.338648,1.017414,0.275669
5.168628105,1.041466,0.348103,1.037976,0.338716,1.017430,0.275724
5.170595099,1.041490,0.348168,1.038000,0.338784,1.017446,0.275779
5.172562094,1.041515,0.348233,1.038025,0.338852,1.017462,0.275835
5.174529088,1.041539,0.348298,1.038050,0.338919,1.017478,0.275890
5.176496083,1.041564,0.348363,1.038075,0.338987,1.017494,0.275945
5.178463077,1.041588,0.348428,1.038099,0.339055,1.017510,0.276000
5.180430072,1.041613,0.348493,1.038124,0.339122,1.017525,0.276055
5.182397066,1.041638,0.348558,1.038149,0.339190,1.017541,0.276110
5.184364061,1.041662,0.348623,1.038174,0.339257,1.017557,0.276166
5.186331055,1.041687,0.348687,1.038198,0.339325,1.017573,0.276221
5.188298050,1.041711,0.348752,1.038223,0.339392,1.017589,0.276276
5.190265044,1.041736,0.348817,1.038248,0.339460,1.017605,0.276331
5.192232039,1.041760,0.348882,1.038273,0.339527,1.017621,0.276386
5.194199033,1.041785,0.348947,1.038298,0.339595,1.017637,0.276441
5.196166028,1.041809,0.349012,1.038322,0.339662,1.017653,0.276496
5.198133022,1.041834,0.349076,1.038347,0.339730,1.017669,0.276551
5.200100017,1.041859,0.349141,1.038372,0.339797,1.017684,0.276606
5.202067011,1.041883,0.349206,1.038397,0.339865,1.017700,0.276661
5.204034006,1.041908,0.349271,1.038421,0.339932,1.017716,0.276716
5.206001000,1.041932,0.349335,1.038446,0.340000,1.017732,0.276771
5.207967995,1.041957,0.349400,1.038471,0.340067,1.017748,0.276826
5.209934989,1.041981,0.349465,1.038496,0.340134,1.017764,0.276881
5.211901984,1.042006,0.349529,1.038520,0.340202,1.017780,0.276936
5.213868978,1.042031,0.349594,1.038545,0.340269,1.017796,0.276991
5.215835973,1.042055,0.349659,1.038570,0.340336,1.017812,0.277046
5.217802967,1.042080,0.349723,1.038595,0.340403,1.017827,0.277101
5.219769962,1.042104,0.349788,1.038619,0.340471,1.017843,0.277156
5.221736956,1.042129,0.349853,1.038644,0.340538,1.017859,0.277210
5.223703951,1.042153,0.349917,1.038669,0.340605,1.017875,0.277265
5.225670945,1.042178,0.349982,1.038694,0.340672,1.017891,0.277320
5.227637940,1.042202,0.350046,1.038718,0.340740,1.017907,0.277375
5.229604934,1.042227,0.350111,1.038743,0.340807,1.017923,0.277430
5.231571929,1.042252,0.350175,1.038768,0.340874,1.017939,0.277485
5.233538923,1.042276,0.350240,1.038792,0.340941,1.017955,0.277539
5.235505918,1.042301,0.350304,1.038817,0.341008,1.017970,0.277594
5.237472912,1.042325,0.350369,1.038842,0.341075,1.017986,0.277649
5.239439907,1.042350,0.350433,1.038867,0.341142,1.018002,0.277704
5.241406901,1.042374,0.350498,1.038891,0.341210,1.018018,0.277758
5.243373896,1.042399,0.350562,1.038916,0.341277,1.018034,0.277813
5.245340890,1.042423,0.350626,1.038941,0.341344,1.018050,0.277868
5.247307885,1.042448,0.350691,1.038966,0.341411,1.018066,0.277923
5.249274879,1.042473,0.350755,1.038990,0.341478,1.018082,0.277977
5.251241874,1.042497,0.350820,1.039015,0.341545,1.018098,0.278032
5.253208868,1.042522,0.350884,1.039040,0.341612,1.018113,0.278087
5.255175863,1.042546,0.350948,1.039065,0.341679,1.018129,0.278141
5.257142857,1.042571,0.351012,1.039089,0.341745,1.018145,0.278196
5.259109852,1.042595,0.351077,1.039114,0.341812,1.018161,0.278251
5.261076846,1.042620,0.351141,1.039139,0.341879,1.018177,0.278305
5.263043841,1.042644,0.351205,1.039164,0.341946,1.018193,0.278360
5.265010835,1.042669,0.351270,1.039188,0.342013,1.018209,0.278414
5.266977830,1.042693,0.351334,1.039213,0.342080,1.018225,0.278469
5.268944824,1.042718,0.351398,1.039238,0.342147,1.018241,0.278524
5.270911819,1.042743,0.351462,1.039262,0.342213,1.018256,0.278578
5.272878813,1.042767,0.351526,1.039287,0.342280,1.018272,0.278633
5.274845808,1.042792,0.351591,1.039312,0.342347,1.018288,0.278687
5.276812802,1.042816,0.351655,1.039337,0.342414,1.018304,0.278742
5.278779797,1.042841,0.351719,1.039361,0.342481,1.018320,0.278796
5.280746791,1.042865,0.351783,1.039386,0.342547,1.018336,0.278851
5.282713786,1.042890,0.351847,1.039411,0.342614,1.018352,0.278905
5.284680780,1.042914,0.351911,1.039436,0.342681,1.018368,0.278960
5.286647775,1.042939,0.351975,1.039460,0.342747,1.018383,0.279014
5.288614769,1.042963,0.352039,1.039485,0.342814,1.018399,0.279068
5.290581764,1.042988,0.352103,1.039510,0.342881,1.018415,0.279123
5.292548758,1.043012,0.352167,1.039534,0.342947,1.018431,0.279177
5.294515753,1.043037,0.352231,1.039559,0.343014,1.018447,0.279232
5.296482747,1.043062,0.352295,1.039584,0.343080,1.018463,0.279286
5.298449742,1.043086,0.352359,1.039609,0.343147,1.018479,0.279340
5.300416736,1.043111,0.352423,1.039633,0.343214,1.018495,0.279395
5.302383731,1.043135,0.352487,1.039658,0.343280,1.018511,0.279449
5.304350725,1.043160,0.352551,1.039683,0.343347,1.018526,0.279503
5.306317720,1.043184,0.352615,1.039708,0.343413,1.018542,0.279558
5.308284714,1.043209,0.352679,1.039732,0.343480,1.018558,0.279612
5.310251709,1.043233,0.352743,1.039757,0.343546,1.018574,0.279666
5.312218703,1.043258,0.352807,1.039782,0.343613,1.018590,0.279721
5.314185698,1.043282,0.352870,1.039806,0.343679,1.018606,0.279775
5.316152692,1.043307,0.352934,1.039831,0.343745,1.018622,0.279829
5.318119687,1.043331,0.352998,1.039856,0.343812,1.018638,0.279883
5.320086681,1.043356,0.353062,1.039881,0.343878,1.018653,0.279938
5.322053676,1.043380,0.353126,1.039905,0.343945,1.018669,0.279992
5.324020670,1.043405,0.353189,1.039930,0.344011,1.018685,0.280046
5.325987665,1.043429,0.353253,1.039955,0.344077,1.018701,0.280100
5.327954659,1.043454,0.353317,1.039979,0.344144,1.018717,0.280154
5.329921654,1.043479,0.353381,1.040004,0.344210,1.018733,0.280209
5.331888648,1.043503,0.353444,1.040029,0.344276,1.018749,0.280263
5.333855643,1.043528,0.353508,1.040054,0.344342,1.018765,0.280317
5.335822637,1.043552,0.353572,1.040078,0.344409,1.018780,0.280371
5.337789632,1.043577,0.353635,1.040103,0.344475,1.018796,0.280425
5.339756626,1.043601,0.353699,1.040128,0.344541,1.018812,0.280479
5.341723621,1.043626,0.353763,1.040152,0.344607,1.018828,0.280533
5.343690615,1.043650,0.353826,1.040177,0.344673,1.018844,0.280587
5.345657610,1.043675,0.353890,1.040202,0.344740,1.018860,0.280641
5.347624604,1.043699,0.353954,1.040227,0.344806,1.018876,0.280695
5.349591599,1.043724,0.354017,1.040251,0.344872,1.018892,0.280750
5.351558593,1.043748,0.354081,1.040276,0.344938,1.018907,0.280804
5.353525588,1.043773,0.354144,1.040301,0.345004,1.018923,0.280858
5.355492582,1.043797,0.354208,1.040325,0.345070,1.018939,0.280912
5.357459577,1.043822,0.354271,1.040350,0.345136,1.018955,0.280966
5.359426571,1.043846,0.354335,1.040375,0.345202,1.018971,0.281019
5.361393566,1.043871,0.354398,1.040399,0.345268,1.018987,0.281073
5.363360560,1.043895,0.354462,1.040424,0.345334,1.019003,0.281127
5.365327555,1.043920,0.354525,1.040449,0.345400,1.019019,0.281181
5.367294549,1.043944,0.354589,1.040474,0.345466,1.019034,0.281235
5.369261544,1.043969,0.354652,1.040498,0.345532,1.019050,0.281289
5.371228538,1.043993,0.354715,1.040523,0.345598,1.019066,0.281343
5.373195533,1.044018,0.354779,1.040548,0.345664,1.019082,0.281397
5.375162527,1.044042,0.354842,1.040572,0.345730,1.019098,0.281451
5.377129522,1.044067,0.354905,1.040597,0.345796,1.019114,0.281505
5.379096516,1.044091,0.354969,1.040622,0.345862,1.019130,0.281559
5.381063511,1.044116,0.355032,1.040646,0.345928,1.019146,0.281612
5.383030505,1.044140,0.355095,1.040671,0.345993,1.019161,0.281666
5.384997500,1.044165,0.355159,1.040696,0.346059,1.019177,0.281720
5.386964494,1.044189,0.355222,1.040721,0.346125,1.019193,0.281774
5.388931489,1.044214,0.355285,1.040745,0.346191,1.019209,0.281828
5.390898483,1.044239,0.355349,1.040770,0.346257,1.019225,0.281881
5.392865478,1.044263,0.355412,1.040795,0.346322,1.019241,0.281935
5.394832472,1.044288,0.355475,1.040819,0.346388,1.019257,0.281989
5.396799467,1.044312,0.355538,1.040844,0.346454,1.019273,0.282043
5.398766461,1.044337,0.355601,1.040869,0.346520,1.019288,0.282096
5.400733456,1.044361,0.355665,1.040893,0.346585,1.019304,0.282150
5.402700450,1.044386,0.355728,1.040918,0.346651,1.019320,0.282204
5.404667445,1.044410,0.355791,1.040943,0.346717,1.019336,0.282257
5.406634439,1.044435,0.355854,1.040968,0.346782,1.019352,0.282311
5.408601434,1.044459,0.355917,1.040992,0.346848,1.019368,0.282365
5.410568428,1.044484,0.355980,1.041017,0.346913,1.019384,0.282418
5.412535423,1.044508,0.356043,1.041042,0.346979,1.019399,0.282472
5.414502417,1.044533,0.356106,1.041066,0.347045,1.019415,0.282526
5.416469412,1.044557,0.356169,1.041091,0.347110,1.019431,0.282579
5.418436406,1.044582,0.356232,1.041116,0.347176,1.019447,0.282633
5.420403401,1.044606,0.356295,1.041140,0.347241,1.019463,0.282686
5.422370395,1.044631,0.356358,1.041165,0.347307,1.019479,0.282740
5.424337390,1.044655,0.356421,1.041190,0.347372,1.019495,0.282794
5.426304384,1.044680,0.356484,1.041214,0.347438,1.019511,0.282847
5.428271379,1.044704,0.356547,1.041239,0.347503,1.019526,0.282901
5.430238373,1.044729,0.356610,1.041264,0.347569,1.019542,0.282954
5.432205368,1.044753,0.356673,1.041288,0.347634,1.019558,0.283008
5.434172362,1.044778,0.356736,1.041313,0.347699,1.019574,0.283061
5.436139357,1.044802,0.356799,1.041338,0.347765,1.019590,0.283115
5.438106351,1.044827,0.356862,1.041362,0.347830,1.019606,0.283168
5.440073346,1.044851,0.356925,1.041387,0.347896,1.019622,0.283222
5.442040340,1.044875,0.356988,1.041412,0.347961,1.019637,0.283275
5.444007335,1.044900,0.357051,1.041437,0.348026,1.019653,0.283329
5.445974329,1.044924,0.357113,1.041461,0.348092,1.019669,0.283382
5.447941324,1.044949,0.357176,1.041486,0.348157,1.019685,0.283435
5.449908318,1.044973,0.357239,1.041511,0.348222,1.019701,0.283489
5.451875313,1.044998,0.357302,1.041535,0.348287,1.019717,0.283542
5.453842307,1.045022,0.357364,1.041560,0.348353,1.019733,0.283596
5.455809302,1.045047,0.357427,1.041585,0.348418,1.019748,0.283649
5.457776296,1.045071,0.357490,1.041609,0.348483,1.019764,0.283702
5.459743291,1.045096,0.357553,1.041634,0.348548,1.019780,0.283756
5.461710285,1.045120,0.357615,1.041659,0.348613,1.019796,0.283809
5.463677280,1.045145,0.357678,1.041683,0.348679,1.019812,0.283862
5.465644274,1.045169,0.357741,1.041708,0.348744,1.019828,0.283916
5.467611269,1.045194,0.357803,1.041733,0.348809,1.019844,0.283969
5.469578263,1.045218,0.357866,1.041757,0.348874,1.019860,0.284022
5.471545258,1.045243,0.357929,1.041782,0.348939,1.019875,0.284075
5.473512252,1.045267,0.357991,1.041807,0.349004,1.019891,0.284129
5.475479247,1.045292,0.358054,1.041831,0.349069,1.019907,0.284182
5.477446241,1.045316,0.358117,1.041856,0.349134,1.019923,0.284235
5.479413236,1.045341,0.358179,1.041881,0.349199,1.019939,0.284288
5.481380230,1.045365,0.358242,1.041905,0.349264,1.019955,0.284342
5.483347225,1.045390,0.358304,1.041930,0.349329,1.019971,0.284395
5.485314219,1.045414,0.358367,1.041955,0.349394,1.019986,0.284448
5.487281214,1.045439,0.358429,1.041979,0.349459,1.020002,0.284501
5.489248208,1.045463,0.358492,1.042004,0.349524,1.020018,0.284554
5.491215203,1.045488,0.358554,1.042029,0.349589,1.020034,0.284607
5.493182197,1.045512,0.358617,1.042053,0.349654,1.020050,0.284660
5.495149192,1.045537,0.358679,1.042078,0.349719,1.020066,0.284714
5.497116186,1.045561,0.358742,1.042103,0.349784,1.020082,0.284767
5.499083181,1.045586,0.358804,1.042127,0.349849,1.020097,0.284820
5.501050175,1.045610,0.358866,1.042152,0.349914,1.020113,0.284873
5.503017170,1.045634,0.358929,1.042177,0.349978,1.020129,0.284926
5.504984164,1.045659,0.358991,1.042201,0.350043,1.020145,0.284979
5.506951159,1.045683,0.359054,1.042226,0.350108,1.020161,0.285032
5.508918153,1.045708,0.359116,1.042251,0.350173,1.020177,0.285085
5.510885148,1.045732,0.359178,1.042275,0.350238,1.020193,0.285138
5.512852142,1.045757,0.359241,1.042300,0.350302,1.020208,0.285191
5.514819137,1.045781,0.359303,1.042325,0.350367,1.020224,0.285244
5.516786131,1.045806,0.359365,1.042349,0.350432,1.020240,0.285297
5.518753126,1.045830,0.359427,1.042374,0.350497,1.020256,0.285350
5.520720120,1.045855,0.359490,1.042399,0.350561,1.020272,0.285403
5.522687115,1.045879,0.359552,1.042423,0.350626,1.020288,0.285456
5.524654109,1.045904,0.359614,1.042448,0.350691,1.020303,0.285509
5.526621104,1.045928,0.359676,1.042473,0.350755,1.020319,0.285562
5.528588098,1.045953,0.359739,1.042497,0.350820,1.020335,0.285615
5.530555093,1.045977,0.359801,1.042522,0.350885,1.020351,0.285668
5.532522087,1.046002,0.359863,1.042547,0.350949,1.020367,0.285721
5.534489082,1.046026,0.359925,1.042571,0.351014,1.020383,0.285773
5.536456076,1.046050,0.359987,1.042596,0.351078,1.020399,0.285826
5.538423071,1.046075,0.360049,1.042620,0.351143,1.020414,0.285879
5.540390065,1.046099,0.360111,1.042645,0.351207,1.020430,0.285932
5.542357060,1.046124,0.360174,1.042670,0.351272,1.020446,0.285985
5.544324054,1.046148,0.360236,1.042694,0.351336,1.020462,0.286038
5.546291049,1.046173,0.360298,1.042719,0.351401,1.020478,0.286090
5.548258043,1.046197,0.360360,1.042744,0.351465,1.020494,0.286143
5.550225038,1.046222,0.360422,1.042768,0.351530,1.020510,0.286196
5.552192032,1.046246,0.360484,1.042793,0.351594,1.020525,0.286249
5.554159027,1.046271,0.360546,1.042818,0.351659,1.020541,0.286302
5.556126021,1.046295,0.360608,1.042842,0.351723,1.020557,0.286354
5.558093016,1.046320,0.360670,1.042867,0.351787,1.020573,0.286407
5.560060010,1.046344,0.360732,1.042892,0.351852,1.020589,0.286460
5.562027005,1.046368,0.360794,1.042916,0.351916,1.020605,0.286513
5.563993999,1.046393,0.360856,1.042941,0.351981,1.020620,0.286565
5.565960993,1.046417,0.360918,1.042966,0.352045,1.020636,0.286618
5.567927988,1.046442,0.360980,1.042990,0.352109,1.020652,0.286671
5.569894982,1.046466,0.361041,1.043015,0.352174,1.020668,0.286723
5.571861977,1.046491,0.361103,1.043039,0.352238,1.020684,0.286776
5.573828971,1.046515,0.361165,1.043064,0.352302,1.020700,0.286829
5.575795966,1.046540,0.361227,1.043089,0.352366,1.020716,0.286881
5.577762960,1.046564,0.361289,1.043113,0.352431,1.020731,0.286934
5.579729955,1.046589,0.361351,1.043138,0.352495,1.020747,0.286986
5.581696949,1.046613,0.361413,1.043163,0.352559,1.020763,0.287039
5.583663944,1.046637,0.361474,1.043187,0.352623,1.020779,0.287092
5.585630938,1.046662,0.361536,1.043212,0.352687,1.020795,0.287144
5.587597933,1.046686,0.361598,1.043237,0.352751,1.020811,0.287197
5.589564927,1.046711,0.361660,1.043261,0.352816,1.020826,0.287249
5.591531922,1.046735,0.361721,1.043286,0.352880,1.020842,0.287302
5.593498916,1.046760,0.361783,1.043310,0.352944,1.020858,0.287354
5.595465911,1.046784,0.361845,1.043335,0.353008,1.020874,0.287407
5.597432905,1.046809,0.361906,1.043360,0.353072,1.020890,0.287459
5.599399900,1.046833,0.361968,1.043384,0.353136,1.020906,0.287512
5.601366894,1.046857,0.362030,1.043409,0.353200,1.020922,0.287564
5.603333889,1.046882,0.362091,1.043434,0.353264,1.020937,0.287617
5.605300883,1.046906,0.362153,1.043458,0.353328,1.020953,0.287669
5.607267878,1.046931,0.362215,1.043483,0.353392,1.020969,0.287722
5.609234872,1.046955,0.362276,1.043508,0.353456,1.020985,0.287774
5.611201867,1.046980,0.362338,1.043532,0.353520,1.021001,0.287826
5.613168861,1.047004,0.362400,1.043557,0.353584,1.021017,0.287879
5.615135856,1.047029,0.362461,1.043581,0.353648,1.021032,0.287931
5.617102850,1.047053,0.362523,1.043606,0.353712,1.021048,0.287984
5.619069845,1.047077,0.362584,1.043631,0.353776,1.021064,0.288036
5.621036839,1.047102,0.362646,1.043655,0.353840,1.021080,0.288088
5.623003834,1.047126,0.362707,1.043680,0.353904,1.021096,0.288141
5.624970828,1.047151,0.362769,1.043705,0.353967,1.021112,0.288193
5.626937823,1.047175,0.362830,1.043729,0.354031,1.021128,0.288245
5.628904817,1.047200,0.362892,1.043754,0.354095,1.021143,0.288298
5.630871812,1.047224,0.362953,1.043778,0.354159,1.021159,0.288350
5.632838806,1.047249,0.363015,1.043803,0.354223,1.021175,0.288402
5.634805801,1.047273,0.363076,1.043828,0.354286,1.021191,0.288455
5.636772795,1.047297,0.363137,1.043852,0.354350,1.021207,0.288507
5.638739790,1.047322,0.363199,1.043877,0.354414,1.021223,0.288559
5.640706784,1.047346,0.363260,1.043902,0.354478,1.021238,0.288611
5.642673779,1.047371,0.363321,1.043926,0.354541,1.021254,0.288664
5.644640773,1.047395,0.363383,1.043951,0.354605,1.021270,0.288716
5.646607768,1.047420,0.363444,1.043975,0.354669,1.021286,0.288768
5.648574762,1.047444,0.363506,1.044000,0.354733,1.021302,0.288820
5.650541757,1.047468,0.363567,1.044025,0.354796,1.021318,0.288872
5.652508751,1.047493,0.363628,1.044049,0.354860,1.021333,0.288925
5.654475746,1.047517,0.363689,1.044074,0.354923,1.021349,0.288977
5.656442740,1.047542,0.363751,1.044099,0.354987,1.021365,0.289029
5.658409735,1.047566,0.363812,1.044123,0.355051,1.021381,0.289081
5.660376729,1.047591,0.363873,1.044148,0.355114,1.021397,0.289133
5.662343724,1.047615,0.363934,1.044172,0.355178,1.021413,0.289185
5.664310718,1.047639,0.363996,1.044197,0.355241,1.021428,0.289237
5.666277713,1.047664,0.364057,1.044222,0.355305,1.021444,0.289289
5.668244707,1.047688,0.364118,1.044246,0.355368,1.021460,0.289342
5.670211702,1.047713,0.364179,1.044271,0.355432,1.021476,0.289394
5.672178696,1.047737,0.364240,1.044295,0.355495,1.021492,0.289446
5.674145691,1.047762,0.364301,1.044320,0.355559,1.021508,0.289498
5.676112685,1.047786,0.364363,1.044345,0.355622,1.021523,0.289550
5.678079680,1.047810,0.364424,1.044369,0.355686,1.021539,0.289602
5.680046674,1.047835,0.364485,1.044394,0.355749,1.021555,0.289654
5.682013669,1.047859,0.364546,1.044418,0.355813,1.021571,0.289706
5.683980663,1.047884,0.364607,1.044443,0.355876,1.021587,0.289758
5.685947658,1.047908,0.364668,1.044468,0.355939,1.021603,0.289810
5.687914652,1.047933,0.364729,1.044492,0.356003,1.021618,0.289862
5.689881647,1.047957,0.364790,1.044517,0.356066,1.021634,0.289914
5.691848641,1.047981,0.364851,1.044542,0.356129,1.021650,0.289966
5.693815636,1.048006,0.364912,1.044566,0.356193,1.021666,0.290017
5.695782630,1.048030,0.364973,1.044591,0.356256,1.021682,0.290069
5.697749625,1.048055,0.365034,1.044615,0.356319,1.021698,0.290121
5.699716619,1.048079,0.365095,1.044640,0.356383,1.021713,0.290173
5.701683614,1.048103,0.365156,1.044665,0.356446,1.021729,0.290225
5.703650608,1.048128,0.365217,1.044689,0.356509,1.021745,0.290277
5.705617603,1.048152,0.365278,1.044714,0.356572,1.021761,0.290329
5.707584597,1.048177,0.365339,1.044738,0.356636,1.021777,0.290381
5.709551592,1.048201,0.365400,1.044763,0.356699,1.021793,0.290433
5.711518586,1.048226,0.365460,1.044788,0.356762,1.021808,0.290484
5.713485581,1.048250,0.365521,1.044812,0.356825,1.021824,0.290536
5.715452575,1.048274,0.365582,1.044837,0.356888,1.021840,0.290588
5.717419570,1.048299,0.365643,1.044861,0.356951,1.021856,0.290640
5.719386564,1.048323,0.365704,1.044886,0.357014,1.021872,0.290692
5.721353559,1.048348,0.365765,1.044911,0.357078,1.021888,0.290743
5.723320553,1.048372,0.365825,1.044935,0.357141,1.021903,0.290795
5.725287548,1.048396,0.365886,1.044960,0.357204,1.021919,0.290847
5.727254542,1.048421,0.365947,1.044984,0.357267,1.021935,0.290899
5.729221537,1.048445,0.366008,1.045009,0.357330,1.021951,0.290950
5.731188531,1.048470,0.366068,1.045034,0.357393,1.021967,0.291002
5.733155526,1.048494,0.366129,1.045058,0.357456,1.021983,0.291054
5.735122520,1.048518,0.366190,1.045083,0.357519,1.021998,0.291105
5.737089515,1.048543,0.366250,1.045107,0.357582,1.022014,0.291157
5.739056509,1.048567,0.366311,1.045132,0.357645,1.022030,0.291209
5.741023504,1.048592,0.366372,1.045156,0.357708,1.022046,0.291260
5.742990498,1.048616,0.366432,1.045181,0.357771,1.022062,0.291312
5.744957493,1.048640,0.366493,1.045206,0.357834,1.022077,0.291364
5.746924487,1.048665,0.366554,1.045230,0.357897,1.022093,0.291415
5.748891482,1.048689,0.366614,1.045255,0.357960,1.022109,0.291467
5.750858476,1.048714,0.366675,1.045279,0.358022,1.022125,0.291519
5.752825471,1.048738,0.366736,1.045304,0.358085,1.022141,0.291570
5.754792465,1.048762,0.366796,1.045329,0.358148,1.022157,0.291622
5.756759460,1.048787,0.366857,1.045353,0.358211,1.022172,0.291673
5.758726454,1.048811,0.366917,1.045378,0.358274,1.022188,0.291725
5.760693449,1.048836,0.366978,1.045402,0.358337,1.022204,0.291776
5.762660443,1.048860,0.367038,1.045427,0.358399,1.022220,0.291828
5.764627438,1.048884,0.367099,1.045452,0.358462,1.022236,0.291879
5.766594432,1.048909,0.367159,1.045476,0.358525,1.022252,0.291931
5.768561427,1.048933,0.367220,1.045501,0.358588,1.022267,0.291982
5.770528421,1.048958,0.367280,1.045525,0.358650,1.022283,0.292034
5.772495416,1.048982,0.367341,1.045550,0.358713,1.022299,0.292085
5.774462410,1.049006,0.367401,1.045574,0.358776,1.022315,0.292137
5.776429405,1.049031,0.367461,1.045599,0.358838,1.022331,0.292188
5.778396399,1.049055,0.367522,1.045624,0.358901,1.022346,0.292240
5.780363394,1.049080,0.367582,1.045648,0.358964,1.022362,0.292291
5.782330388,1.049104,0.367643,1.045673,0.359026,1.022378,0.292343
5.784297383,1.049128,0.367703,1.045697,0.359089,1.022394,0.292394
5.786264377,1.049153,0.367763,1.045722,0.359152,1.022410,0.292445
5.788231372,1.049177,0.367824,1.045747,0.359214,1.022426,0.292497
5.790198366,1.049202,0.367884,1.045771,0.359277,1.022441,0.292548
5.792165361,1.049226,0.367944,1.045796,0.359339,1.022457,0.292600
5.794132355,1.049250,0.368005,1.045820,0.359402,1.022473,0.292651
5.796099350,1.049275,0.368065,1.045845,0.359464,1.022489,0.292702
5.798066344,1.049299,0.368125,1.045869,0.359527,1.022505,0.292754
5.800033339,1.049324,0.368185,1.045894,0.359590,1.022520,0.292805
5.802000333,1.049348,0.368246,1.045919,0.359652,1.022536,0.292856
5.803967328,1.049372,0.368306,1.045943,0.359714,1.022552,0.292908
5.805934322,1.049397,0.368366,1.045968,0.359777,1.022568,0.292959
5.807901317,1.049421,0.368426,1.045992,0.359839,1.022584,0.293010
5.809868311,1.049446,0.368486,1.046017,0.359902,1.022600,0.293061
5.811835306,1.049470,0.368547,1.046041,0.359964,1.022615,0.293113
5.813802300,1.049494,0.368607,1.046066,0.360027,1.022631,0.293164
5.815769295,1.049519,0.368667,1.046091,0.360089,1.022647,0.293215
5.817736289,1.049543,0.368727,1.046115,0.360151,1.022663,0.293266
5.819703284,1.049567,0.368787,1.046140,0.360214,1.022679,0.293318
5.821670278,1.049592,0.368847,1.046164,0.360276,1.022694,0.293369
5.823637273,1.049616,0.368907,1.046189,0.360338,1.022710,0.293420
5.825604267,1.049641,0.368967,1.046213,0.360401,1.022726,0.293471
5.827571262,1.049665,0.369028,1.046238,0.360463,1.022742,0.293522
5.829538256,1.049689,0.369088,1.046263,0.360525,1.022758,0.293573
5.831505251,1.049714,0.369148,1.046287,0.360588,1.022774,0.293625
5.833472245,1.049738,0.369208,1.046312,0.360650,1.022789,0.293676
5.835439240,1.049762,0.369268,1.046336,0.360712,1.022805,0.293727
5.837406234,1.049787,0.369328,1.046361,0.360774,1.022821,0.293778
5.839373229,1.049811,0.369388,1.046385,0.360837,1.022837,0.293829
5.841340223,1.049836,0.369448,1.046410,0.360899,1.022853,0.293880
5.843307218,1.049860,0.369508,1.046434,0.360961,1.022868,0.293931
5.845274212,1.049884,0.369567,1.046459,0.361023,1.022884,0.293982
5.847241207,1.049909,0.369627,1.046484,0.361085,1.022900,0.294033
5.849208201,1.049933,0.369687,1.046508,0.361147,1.022916,0.294084
5.851175196,1.049957,0.369747,1.046533,0.361210,1.022932,0.294135
5.853142190,1.049982,0.369807,1.046557,0.361272,1.022947,0.294186
5.855109185,1.050006,0.369867,1.046582,0.361334,1.022963,0.294237
5.857076179,1.050031,0.369927,1.046606,0.361396,1.022979,0.294288
5.859043174,1.050055,0.369987,1.046631,0.361458,1.022995,0.294339
5.861010168,1.050079,0.370047,1.046655,0.361520,1.023011,0.294390
5.862977163,1.050104,0.370106,1.046680,0.361582,1.023027,0.294441
5.864944157,1.050128,0.370166,1.046705,0.361644,1.023042,0.294492
5.866911152,1.050152,0.370226,1.046729,0.361706,1.023058,0.294543
5.868878146,1.050177,0.370286,1.046754,0.361768,1.023074,0.294594
5.870845141,1.050201,0.370346,1.046778,0.361830,1.023090,0.294645
5.872812135,1.050226,0.370405,1.046803,0.361892,1.023106,0.294696
5.874779130,1.050250,0.370465,1.046827,0.361954,1.023121,0.294747
5.876746124,1.050274,0.370525,1.046852,0.362016,1.023137,0.294798
5.878713119,1.050299,0.370584,1.046876,0.362078,1.023153,0.294849
5.880680113,1.050323,0.370644,1.046901,0.362140,1.023169,0.294900
5.882647108,1.050347,0.370704,1.046926,0.362202,1.023185,0.294950
5.884614102,1.050372,0.370764,1.046950,0.362263,1.023200,0.295001
5.886581097,1.050396,0.370823,1.046975,0.362325,1.023216,0.295052
5.888548091,1.050420,0.370883,1.046999,0.362387,1.023232,0.295103
5.890515086,1.050445,0.370942,1.047024,0.362449,1.023248,0.295154
5.892482080,1.050469,0.371002,1.047048,0.362511,1.023264,0.295205
5.894449075,1.050494,0.371062,1.047073,0.362573,1.023279,0.295255
5.896416069,1.050518,0.371121,1.047097,0.362634,1.023295,0.295306
5.898383064,1.050542,0.371181,1.047122,0.362696,1.023311,0.295357
5.900350058,1.050567,0.371240,1.047147,0.362758,1.023327,0.295408
5.902317053,1.050591,0.371300,1.047171,0.362820,1.023343,0.295458
5.904284047,1.050615,0.371360,1.047196,0.362881,1.023359,0.295509
5.906251042,1.050640,0.371419,1.047220,0.362943,1.023374,0.295560
5.908218036,1.050664,0.371479,1.047245,0.363005,1.023390,0.295611
5.910185031,1.050688,0.371538,1.047269,0.363067,1.023406,0.295661
5.912152025,1.050713,0.371598,1.047294,0.363128,1.023422,0.295712
5.914119020,1.050737,0.371657,1.047318,0.363190,1.023438,0.295763
5.916086014,1.050761,0.371717,1.047343,0.363252,1.023453,0.295813
5.918053009,1.050786,0.371776,1.047367,0.363313,1.023469,0.295864
5.920020003,1.050810,0.371835,1.047392,0.363375,1.023485,0.295915
5.921986998,1.050835,0.371895,1.047416,0.363436,1.023501,0.295965
5.923953992,1.050859,0.371954,1.047441,0.363498,1.023517,0.296016
5.925920987,1.050883,0.372014,1.047466,0.363560,1.023532,0.296067
5.927887981,1.050908,0.372073,1.047490,0.363621,1.023548,0.296117
5.929854976,1.050932,0.372132,1.047515,0.363683,1.023564,0.296168
5.931821970,1.050956,0.372192,1.047539,0.363744,1.023580,0.296218
5.933788965,1.050981,0.372251,1.047564,0.363806,1.023596,0.296269
5.935755959,1.051005,0.372310,1.047588,0.363867,1.023611,0.296320
5.937722954,1.051029,0.372370,1.047613,0.363929,1.023627,0.296370
5.939689948,1.051054,0.372429,1.047637,0.363990,1.023643,0.296421
5.941656943,1.051078,0.372488,1.047662,0.364052,1.023659,0.296471
5.943623937,1.051102,0.372548,1.047686,0.364113,1.023675,0.296522
5.945590932,1.051127,0.372607,1.047711,0.364175,1.023690,0.296572
5.947557926,1.051151,0.372666,1.047735,0.364236,1.023706,0.296623
5.949524921,1.051175,0.372725,1.047760,0.364297,1.023722,0.296673
5.951491915,1.051200,0.372785,1.047784,0.364359,1.023738,0.296724
5.953458910,1.051224,0.372844,1.047809,0.364420,1.023754,0.296774
5.955425904,1.051248,0.372903,1.047834,0.364482,1.023769,0.296825
5.957392899,1.051273,0.372962,1.047858,0.364543,1.023785,0.296875
5.959359893,1.051297,0.373021,1.047883,0.364604,1.023801,0.296926
5.961326888,1.051322,0.373081,1.047907,0.364666,1.023817,0.296976
5.963293882,1.051346,0.373140,1.047932,0.364727,1.023833,0.297026
5.965260877,1.051370,0.373199,1.047956,0.364788,1.023848,0.297077
5.967227871,1.051395,0.373258,1.047981,0.364849,1.023864,0.297127
5.969194866,1.051419,0.373317,1.048005,0.364911,1.023880,0.297178
5.971161860,1.051443,0.373376,1.048030,0.364972,1.023896,0.297228
5.973128855,1.051468,0.373435,1.048054,0.365033,1.023912,0.297278
5.975095849,1.051492,0.373494,1.048079,0.365094,1.023927,0.297329
5.977062844,1.051516,0.373553,1.048103,0.365156,1.023943,0.297379
5.979029838,1.051541,0.373612,1.048128,0.365217,1.023959,0.297429
5.980996833,1.051565,0.373671,1.048152,0.365278,1.023975,0.297480
5.982963827,1.051589,0.373730,1.048177,0.365339,1.023991,0.297530
5.984930822,1.051614,0.373789,1.048201,0.365400,1.024006,0.297580
5.986897816,1.051638,0.373848,1.048226,0.365461,1.024022,0.297631
5.988864811,1.051662,0.373907,1.048250,0.365523,1.024038,0.297681
5.990831805,1.051687,0.373966,1.048275,0.365584,1.024054,0.297731
5.992798800,1.051711,0.374025,1.048299,0.365645,1.024070,0.297781
5.994765794,1.051735,0.374084,1.048324,0.365706,1.024085,0.297832
5.996732789,1.051760,0.374143,1.048349,0.365767,1.024101,0.297882
5.998699783,1.051784,0.374202,1.048373,0.365828,1.024117,0.297932
6.000666778,1.051808,0.374261,1.048398,0.365889,1.024133,0.297982
6.002633772,1.051833,0.374320,1.048422,0.365950,1.024148,0.298033
6.004600767,1.051857,0.374379,1.048447,0.366011,1.024164,0.298083
6.006567761,1.051881,0.374438,1.048471,0.366072,1.024180,0.298133
6.008534756,1.051906,0.374496,1.048496,0.366133,1.024196,0.298183
6.010501750,1.051930,0.374555,1.048520,0.366194,1.024212,0.298233
6.012468745,1.051954,0.374614,1.048545,0.366255,1.024227,0.298283
6.014435739,1.051979,0.374673,1.048569,0.366316,1.024243,0.298334
6.016402734,1.052003,0.374732,1.048594,0.366377,1.024259,0.298384
6.018369728,1.052027,0.374791,1.048618,0.366438,1.024275,0.298434
6.020336723,1.052052,0.374849,1.048643,0.366499,1.024291,0.298484
6.022303717,1.052076,0.374908,1.048667,0.366559,1.024306,0.298534
6.024270712,1.052100,0.374967,1.048692,0.366620,1.024322,0.298584
6.026237706,1.052124,0.375026,1.048716,0.366681,1.024338,0.298634
6.028204701,1.052149,0.375084,1.048741,0.366742,1.024354,0.298684
6.030171695,1.052173,0.375143,1.048765,0.366803,1.024370,0.298734
6.032138690,1.052197,0.375202,1.048790,0.366864,1.024385,0.298784
6.034105684,1.052222,0.375260,1.048814,0.366925,1.024401,0.298834
6.036072679,1.052246,0.375319,1.048839,0.366985,1.024417,0.298884
6.038039673,1.052270,0.375378,1.048863,0.367046,1.024433,0.298934
6.040006668,1.052295,0.375436,1.048888,0.367107,1.024449,0.298984
6.041973662,1.052319,0.375495,1.048912,0.367168,1.024464,0.299034
6.043940657,1.052343,0.375554,1.048937,0.367228,1.024480,0.299084
6.045907651,1.052368,0.375612,1.048961,0.367289,1.024496,0.299134
6.047874646,1.052392,0.375671,1.048986,0.367350,1.024512,0.299184
6.049841640,1.052416,0.375729,1.049010,0.367410,1.024527,0.299234
6.051808635,1.052441,0.375788,1.049035,0.367471,1.024543,0.299284
6.053775629,1.052465,0.375846,1.049059,0.367532,1.024559,0.299334
6.055742624,1.052489,0.375905,1.049084,0.367592,1.024575,0.299384
6.057709618,1.052514,0.375964,1.049108,0.367653,1.024591,0.299434
6.059676613,1.052538,0.376022,1.049133,0.367714,1.024606,0.299484
6.061643607,1.052562,0.376081,1.049157,0.367774,1.024622,0.299534
6.063610602,1.052587,0.376139,1.049182,0.367835,1.024638,0.299584
6.065577596,1.052611,0.376198,1.049206,0.367895,1.024654,0.299634
6.067544591,1.052635,0.376256,1.049231,0.367956,1.024670,0.299683
6.069511585,1.052659,0.376314,1.049255,0.368017,1.024685,0.299733
6.071478580,1.052684,0.376373,1.049280,0.368077,1.024701,0.299783
6.073445574,1.052708,0.376431,1.049304,0.368138,1.024717,0.299833
6.075412569,1.052732,0.376490,1.049329,0.368198,1.024733,0.299883
6.077379563,1.052757,0.376548,1.049353,0.368259,1.024748,0.299933
6.079346558,1.052781,0.376607,1.049378,0.368319,1.024764,0.299982
6.081313552,1.052805,0.376665,1.049402,0.368380,1.024780,0.300032
6.083280547,1.052830,0.376723,1.049427,0.368440,1.024796,0.300082
6.085247541,1.052854,0.376782,1.049451,0.368500,1.024812,0.300132
6.087214536,1.052878,0.376840,1.049476,0.368561,1.024827,0.300182
6.089181530,1.052903,0.376898,1.049500,0.368621,1.024843,0.300231
6.091148525,1.052927,0.376957,1.049525,0.368682,1.024859,0.300281
6.093115519,1.052951,0.377015,1.049549,0.368742,1.024875,0.300331
6.095082514,1.052975,0.377073,1.049574,0.368803,1.024891,0.300380
6.097049508,1.053000,0.377131,1.049598,0.368863,1.024906,0.300430
6.099016503,1.053024,0.377190,1.049623,0.368923,1.024922,0.300480
6.100983497,1.053048,0.377248,1.049647,0.368984,1.024938,0.300530
6.102950492,1.053073,0.377306,1.049672,0.369044,1.024954,0.300579
6.104917486,1.053097,0.377364,1.049696,0.369104,1.024969,0.300629
6.106884481,1.053121,0.377423,1.049721,0.369164,1.024985,0.300679
6.108851475,1.053146,0.377481,1.049745,0.369225,1.025001,0.300728
6.110818470,1.053170,0.377539,1.049770,0.369285,1.025017,0.300778
6.112785464,1.053194,0.377597,1.049794,0.369345,1.025033,0.300827
6.114752459,1.053218,0.377655,1.049818,0.369406,1.025048,0.300877
6.116719453,1.053243,0.377714,1.049843,0.369466,1.025064,0.300927
6.118686448,1.053267,0.377772,1.049867,0.369526,1.025080,0.300976
6.120653442,1.053291,0.377830,1.049892,0.369586,1.025096,0.301026
6.122620437,1.053316,0.377888,1.049916,0.369646,1.025111,0.301075
6.124587431,1.053340,0.377946,1.049941,0.369707,1.025127,0.301125
6.126554426,1.053364,0.378004,1.049965,0.369767,1.025143,0.301175
6.128521420,1.053389,0.378062,1.049990,0.369827,1.025159,0.301224
6.130488415,1.053413,0.378120,1.050014,0.369887,1.025175,0.301274
6.132455409,1.053437,0.378178,1.050039,0.369947,1.025190,0.301323
6.134422404,1.053461,0.378236,1.050063,0.370007,1.025206,0.301373
6.136389398,1.053486,0.378294,1.050088,0.370067,1.025222,0.301422
6.138356393,1.053510,0.378352,1.050112,0.370127,1.025238,0.301472
6.140323387,1.053534,0.378410,1.050137,0.370187,1.025253,0.301521
6.142290382,1.053559,0.378468,1.050161,0.370247,1.025269,0.301571
6.144257376,1.053583,0.378526,1.050186,0.370307,1.025285,0.301620
6.146224371,1.053607,0.378584,1.050210,0.370367,1.025301,0.301670
6.148191365,1.053631,0.378642,1.050235,0.370427,1.025317,0.301719
6.150158360,1.053656,0.378700,1.050259,0.370487,1.025332,0.301768
6.152125354,1.053680,0.378758,1.050284,0.370547,1.025348,0.301818
6.154092349,1.053704,0.378816,1.050308,0.370607,1.025364,0.301867
6.156059343,1.053729,0.378874,1.050332,0.370667,1.025380,0.301917
6.158026338,1.053753,0.378932,1.050357,0.370727,1.025395,0.301966
6.159993332,1.053777,0.378990,1.050381,0.370787,1.025411,0.302015
6.161960327,1.053801,0.379048,1.050406,0.370847,1.025427,0.302065
6.163927321,1.053826,0.379105,1.050430,0.370907,1.025443,0.302114
6.165894316,1.053850,0.379163,1.050455,0.370967,1.025458,0.302163
6.167861310,1.053874,0.379221,1.050479,0.371027,1.025474,0.302213
6.169828305,1.053899,0.379279,1.050504,0.371087,1.025490,0.302262
6.171795299,1.053923,0.379337,1.050528,0.371147,1.025506,0.302311
6.173762294,1.053947,0.379394,1.050553,0.371206,1.025522,0.302361
6.175729288,1.053971,0.379452,1.050577,0.371266,1.025537,0.302410
6.177696283,1.053996,0.379510,1.050602,0.371326,1.025553,0.302459
6.179663277,1.054020,0.379568,1.050626,0.371386,1.025569,0.302509
6.181630272,1.054044,0.379625,1.050651,0.371446,1.025585,0.302558
6.183597266,1.054069,0.379683,1.050675,0.371505,1.025600,0.302607
6.185564261,1.054093,0.379741,1.050699,0.371565,1.025616,0.302656
6.187531255,1.054117,0.379799,1.050724,0.371625,1.025632,0.302706
6.189498250,1.054141,0.379856,1.050748,0.371685,1.025648,0.302755
6.191465244,1.054166,0.379914,1.050773,0.371744,1.025664,0.302804
6.193432239,1.054190,0.379972,1.050797,0.371804,1.025679,0.302853
6.195399233,1.054214,0.380029,1.050822,0.371864,1.025695,0.302903
6.197366228,1.054238,0.380087,1.050846,0.371923,1.025711,0.302952
6.199333222,1.054263,0.380145,1.050871,0.371983,1.025727,0.303001
6.201300217,1.054287,0.380202,1.050895,0.372043,1.025742,0.303050
6.203267211,1.054311,0.380260,1.050920,0.372102,1.025758,0.303099
6.205234206,1.054336,0.380317,1.050944,0.372162,1.025774,0.303148
6.207201200,1.054360,0.380375,1.050969,0.372222,1.025790,0.303198
6.209168195,1.054384,0.380433,1.050993,0.372281,1.025805,0.303247
6.211135189,1.054408,0.380490,1.051017,0.372341,1.025821,0.303296
6.213102184,1.054433,0.380548,1.051042,0.372400,1.025837,0.303345
6.215069178,1.054457,0.380605,1.051066,0.372460,1.025853,0.303394
6.217036173,1.054481,0.380663,1.051091,0.372519,1.025869,0.303443
6.219003167,1.054505,0.380720,1.051115,0.372579,1.025884,0.303492
6.220970162,1.054530,0.380778,1.051140,0.372638,1.025900,0.303541
6.222937156,1.054554,0.380835,1.051164,0.372698,1.025916,0.303590
6.224904151,1.054578,0.380893,1.051189,0.372757,1.025932,0.303639
6.226871145,1.054603,0.380950,1.051213,0.372817,1.025947,0.303688
6.228838140,1.054627,0.381007,1.051238,0.372876,1.025963,0.303737
6.230805134,1.054651,0.381065,1.051262,0.372936,1.025979,0.303786
6.232772129,1.054675,0.381122,1.051286,0.372995,1.025995,0.303835
6.234739123,1.054700,0.381180,1.051311,0.373055,1.026010,0.303884
6.236706118,1.054724,0.381237,1.051335,0.373114,1.026026,0.303933
6.238673112,1.054748,0.381295,1.051360,0.373173,1.026042,0.303982
6.240640107,1.054772,0.381352,1.051384,0.373233,1.026058,0.304031
6.242607101,1.054797,0.381409,1.051409,0.373292,1.026073,0.304080
6.244574096,1.054821,0.381467,1.051433,0.373352,1.026089,0.304129
6.246541090,1.054845,0.381524,1.051458,0.373411,1.026105,0.304178
6.248508085,1.054869,0.381581,1.051482,0.373470,1.026121,0.304227
6.250475079,1.054894,0.381639,1.051506,0.373530,1.026137,0.304276
6.252442074,1.054918,0.381696,1.051531,0.373589,1.026152,0.304325
6.254409068,1.054942,0.381753,1.051555,0.373648,1.026168,0.304374
6.256376063,1.054966,0.381810,1.051580,0.373707,1.026184,0.304423
6.258343057,1.054991,0.381868,1.051604,0.373767,1.026200,0.304472
6.260310052,1.055015,0.381925,1.051629,0.373826,1.026215,0.304521
6.262277046,1.055039,0.381982,1.051653,0.373885,1.026231,0.304569
6.264244041,1.055063,0.382039,1.051678,0.373944,1.026247,0.304618
6.266211035,1.055088,0.382097,1.051702,0.374004,1.026263,0.304667
6.268178030,1.055112,0.382154,1.051726,0.374063,1.026278,0.304716
6.270145024,1.055136,0.382211,1.051751,0.374122,1.026294,0.304765
6.272112019,1.055161,0.382268,1.051775,0.374181,1.026310,0.304814
6.274079013,1.055185,0.382325,1.051800,0.374240,1.026326,0.304862
6.276046008,1.055209,0.382383,1.051824,0.374300,1.026341,0.304911
6.278013002,1.055233,0.382440,1.051849,0.374359,1.026357,0.304960
6.279979997,1.055258,0.382497,1.051873,0.374418,1.026373,0.305009
6.281946991,1.055282,0.382554,1.051897,0.374477,1.026389,0.305057
6.283913986,1.055306,0.382611,1.051922,0.374536,1.026404,0.305106
6.285880980,1.055330,0.382668,1.051946,0.374595,1.026420,0.305155
6.287847975,1.055355,0.382725,1.051971,0.374654,1.026436,0.305204
6.289814969,1.055379,0.382782,1.051995,0.374713,1.026452,0.305252
6.291781964,1.055403,0.382839,1.052020,0.374772,1.026467,0.305301
6.293748958,1.055427,0.382896,1.052044,0.374831,1.026483,0.305350
6.295715953,1.055452,0.382953,1.052068,0.374890,1.026499,0.305399
6.297682947,1.055476,0.383010,1.052093,0.374949,1.026515,0.305447
6.299649942,1.055500,0.383067,1.052117,0.375008,1.026531,0.305496
6.301616936,1.055524,0.383124,1.052142,0.375067,1.026546,0.305545
6.303583931,1.055548,0.383181,1.052166,0.375126,1.026562,0.305593
6.305550925,1.055573,0.383238,1.052191,0.375185,1.026578,0.305642
6.307517920,1.055597,0.383295,1.052215,0.375244,1.026594,0.305691
6.309484914,1.055621,0.383352,1.052239,0.375303,1.026609,0.305739
6.311451909,1.055645,0.383409,1.052264,0.375362,1.026625,0.305788
6.313418903,1.055670,0.383466,1.052288,0.375421,1.026641,0.305836
6.315385898,1.055694,0.383523,1.052313,0.375480,1.026657,0.305885
6.317352892,1.055718,0.383580,1.052337,0.375539,1.026672,0.305934
6.319319887,1.055742,0.383637,1.052362,0.375597,1.026688,0.305982
6.321286881,1.055767,0.383694,1.052386,0.375656,1.026704,0.306031
6.323253876,1.055791,0.383751,1.052410,0.375715,1.026720,0.306079
6.325220870,1.055815,0.383807,1.052435,0.375774,1.026735,0.306128
6.327187865,1.055839,0.383864,1.052459,0.375833,1.026751,0.306176
6.329154859,1.055864,0.383921,1.052484,0.375892,1.026767,0.306225
6.331121854,1.055888,0.383978,1.052508,0.375950,1.026783,0.306273
6.333088848,1.055912,0.384035,1.052533,0.376009,1.026798,0.306322
6.335055843,1.055936,0.384092,1.052557,0.376068,1.026814,0.306370
6.337022837,1.055961,0.384148,1.052581,0.376127,1.026830,0.306419
6.338989832,1.055985,0.384205,1.052606,0.376185,1.026846,0.306467
6.340956826,1.056009,0.384262,1.052630,0.376244,1.026861,0.306516
6.342923821,1.056033,0.384319,1.052655,0.376303,1.026877,0.306564
6.344890815,1.056057,0.384375,1.052679,0.376362,1.026893,0.306613
6.346857810,1.056082,0.384432,1.052703,0.376420,1.026909,0.306661
6.348824804,1.056106,0.384489,1.052728,0.376479,1.026924,0.306710
6.350791799,1.056130,0.384545,1.052752,0.376538,1.026940,0.306758
6.352758793,1.056154,0.384602,1.052777,0.376596,1.026956,0.306807
6.354725788,1.056179,0.384659,1.052801,0.376655,1.026972,0.306855
6.356692782,1.056203,0.384715,1.052826,0.376713,1.026987,0.306903
6.358659777,1.056227,0.384772,1.052850,0.376772,1.027003,0.306952
6.360626771,1.056251,0.384829,1.052874,0.376831,1.027019,0.307000
6.362593766,1.056276,0.384885,1.052899,0.376889,1.027035,0.307048
6.364560760,1.056300,0.384942,1.052923,0.376948,1.027050,0.307097
6.366527755,1.056324,0.384999,1.052948,0.377006,1.027066,0.307145
6.368494749,1.056348,0.385055,1.052972,0.377065,1.027082,0.307194
6.370461744,1.056372,0.385112,1.052996,0.377123,1.027098,0.307242
6.372428738,1.056397,0.385168,1.053021,0.377182,1.027113,0.307290
6.374395733,1.056421,0.385225,1.053045,0.377240,1.027129,0.307338
6.376362727,1.056445,0.385281,1.053070,0.377299,1.027145,0.307387
6.378329722,1.056469,0.385338,1.053094,0.377357,1.027161,0.307435
6.380296716,1.056494,0.385395,1.053118,0.377416,1.027176,0.307483
6.382263711,1.056518,0.385451,1.053143,0.377474,1.027192,0.307532
6.384230705,1.056542,0.385508,1.053167,0.377533,1.027208,0.307580
6.386197700,1.056566,0.385564,1.053192,0.377591,1.027224,0.307628
6.388164694,1.056590,0.385620,1.053216,0.377650,1.027239,0.307676
6.390131689,1.056615,0.385677,1.053240,0.377708,1.027255,0.307725
6.392098683,1.056639,0.385733,1.053265,0.377766,1.027271,0.307773
6.394065678,1.056663,0.385790,1.053289,0.377825,1.027287,0.307821
6.396032672,1.056687,0.385846,1.053314,0.377883,1.027302,0.307869
6.397999667,1.056712,0.385903,1.053338,0.377941,1.027318,0.307917
6.399966661,1.056736,0.385959,1.053362,0.378000,1.027334,0.307966
6.401933656,1.056760,0.386015,1.053387,0.378058,1.027350,0.308014
6.403900650,1.056784,0.386072,1.053411,0.378116,1.027365,0.308062
6.405867645,1.056808,0.386128,1.053436,0.378175,1.027381,0.308110
6.407834639,1.056833,0.386185,1.053460,0.378233,1.027397,0.308158
6.409801634,1.056857,0.386241,1.053484,0.378291,1.027413,0.308206
6.411768628,1.056881,0.386297,1.053509,0.378350,1.027428,0.308255
6.413735623,1.056905,0.386354,1.053533,0.378408,1.027444,0.308303
6.415702617,1.056930,0.386410,1.053558,0.378466,1.027460,0.308351
6.417669612,1.056954,0.386466,1.053582,0.378524,1.027475,0.308399
6.419636606,1.056978,0.386522,1.053606,0.378583,1.027491,0.308447
6.421603601,1.057002,0.386579,1.053631,0.378641,1.027507,0.308495
6.423570595,1.057026,0.386635,1.053655,0.378699,1.027523,0.308543
6.425537590,1.057051,0.386691,1.053680,0.378757,1.027538,0.308591
6.427504584,1.057075,0.386748,1.053704,0.378815,1.027554,0.308639
6.429471579,1.057099,0.386804,1.053728,0.378873,1.027570,0.308687
6.431438573,1.057123,0.386860,1.053753,0.378932,1.027586,0.308735
6.433405568,1.057147,0.386916,1.053777,0.378990,1.027601,0.308783
6.435372562,1.057172,0.386972,1.053802,0.379048,1.027617,0.308831
6.437339557,1.057196,0.387029,1.053826,0.379106,1.027633,0.308879
6.439306551,1.057220,0.387085,1.053850,0.379164,1.027649,0.308927
6.441273546,1.057244,0.387141,1.053875,0.379222,1.027664,0.308975
6.443240540,1.057268,0.387197,1.053899,0.379280,1.027680,0.309023
6.445207535,1.057293,0.387253,1.053924,0.379338,1.027696,0.309071
6.447174529,1.057317,0.387309,1.053948,0.379396,1.027712,0.309119
6.449141524,1.057341,0.387365,1.053972,0.379454,1.027727,0.309167
6.451108518,1.057365,0.387422,1.053997,0.379512,1.027743,0.309215
6.453075513,1.057389,0.387478,1.054021,0.379570,1.027759,0.309263
6.455042507,1.057414,0.387534,1.054045,0.379628,1.027775,0.309311
6.457009502,1.057438,0.387590,1.054070,0.379686,1.027790,0.309359
6.458976496,1.057462,0.387646,1.054094,0.379744,1.027806,0.309407
6.460943491,1.057486,0.387702,1.054119,0.379802,1.027822,0.309455
6.462910485,1.057510,0.387758,1.054143,0.379860,1.027837,0.309503
6.464877480,1.057535,0.387814,1.054167,0.379918,1.027853,0.309550
6.466844474,1.057559,0.387870,1.054192,0.379976,1.027869,0.309598
6.468811469,1.057583,0.387926,1.054216,0.380034,1.027885,0.309646
6.470778463,1.057607,0.387982,1.054240,0.380092,1.027900,0.309694
6.472745458,1.057631,0.388038,1.054265,0.380150,1.027916,0.309742
6.474712452,1.057656,0.388094,1.054289,0.380207,1.027932,0.309790
6.476679447,1.057680,0.388150,1.054314,0.380265,1.027948,0.309837
6.478646441,1.057704,0.388206,1.054338,0.380323,1.027963,0.309885
6.480613436,1.057728,0.388262,1.054362,0.380381,1.027979,0.309933
6.482580430,1.057752,0.388318,1.054387,0.380439,1.027995,0.309981
6.484547425,1.057777,0.388373,1.054411,0.380497,1.028011,0.310029
6.486514419,1.057801,0.388429,1.054436,0.380554,1.028026,0.310076
6.488481414,1.057825,0.388485,1.054460,0.380612,1.028042,0.310124
6.490448408,1.057849,0.388541,1.054484,0.380670,1.028058,0.310172
6.492415403,1.057873,0.388597,1.054509,0.380728,1.028074,0.310220
6.494382397,1.057898,0.388653,1.054533,0.380785,1.028089,0.310267
6.496349392,1.057922,0.388709,1.054557,0.380843,1.028105,0.310315
6.498316386,1.057946,0.388764,1.054582,0.380901,1.028121,0.310363
6.500283381,1.057970,0.388820,1.054606,0.380959,1.028136,0.310411
6.502250375,1.057994,0.388876,1.054630,0.381016,1.028152,0.310458
6.504217370,1.058019,0.388932,1.054655,0.381074,1.028168,0.310506
6.506184364,1.058043,0.388988,1.054679,0.381132,1.028184,0.310554
6.508151359,1.058067,0.389043,1.054704,0.381189,1.028199,0.310601
6.510118353,1.058091,0.389099,1.054728,0.381247,1.028215,0.310649
6.512085348,1.058115,0.389155,1.054752,0.381305,1.028231,0.310697
6.514052342,1.058139,0.389211,1.054777,0.381362,1.028247,0.310744
6.516019337,1.058164,0.389266,1.054801,0.381420,1.028262,0.310792
6.517986331,1.058188,0.389322,1.054825,0.381477,1.028278,0.310839
6.519953326,1.058212,0.389378,1.054850,0.381535,1.028294,0.310887
6.521920320,1.058236,0.389434,1.054874,0.381592,1.028309,0.310935
6.523887315,1.058260,0.389489,1.054899,0.381650,1.028325,0.310982
6.525854309,1.058285,0.389545,1.054923,0.381708,1.028341,0.311030
6.527821304,1.058309,0.389601,1.054947,0.381765,1.028357,0.311077
6.529788298,1.058333,0.389656,1.054972,0.381823,1.028372,0.311125
6.531755293,1.058357,0.389712,1.054996,0.381880,1.028388,0.311173
6.533722287,1.058381,0.389767,1.055020,0.381938,1.028404,0.311220
6.535689282,1.058405,0.389823,1.055045,0.381995,1.028420,0.311268
6.537656276,1.058430,0.389879,1.055069,0.382053,1.028435,0.311315
6.539623271,1.058454,0.389934,1.055093,0.382110,1.028451,0.311363
6.541590265,1.058478,0.389990,1.055118,0.382167,1.028467,0.311410
6.543557260,1.058502,0.390045,1.055142,0.382225,1.028482,0.311458
6.545524254,1.058526,0.390101,1.055167,0.382282,1.028498,0.311505
6.547491249,1.058551,0.390156,1.055191,0.382340,1.028514,0.311553
6.549458243,1.058575,0.390212,1.055215,0.382397,1.028530,0.311600
6.551425238,1.058599,0.390267,1.055240,0.382455,1.028545,0.311648
6.553392232,1.058623,0.390323,1.055264,0.382512,1.028561,0.311695
6.555359227,1.058647,0.390378,1.055288,0.382569,1.028577,0.311743
6.557326221,1.058671,0.390434,1.055313,0.382627,1.028593,0.311790
6.559293216,1.058696,0.390489,1.055337,0.382684,1.028608,0.311837
6.561260210,1.058720,0.390545,1.055361,0.382741,1.028624,0.311885
6.563227205,1.058744,0.390600,1.055386,0.382799,1.028640,0.311932
6.565194199,1.058768,0.390656,1.055410,0.382856,1.028655,0.311980
6.567161194,1.058792,0.390711,1.055434,0.382913,1.028671,0.312027
6.569128188,1.058816,0.390767,1.055459,0.382970,1.028687,0.312074
6.571095183,1.058841,0.390822,1.055483,0.383028,1.028703,0.312122
6.573062177,1.058865,0.390877,1.055507,0.383085,1.028718,0.312169
6.575029172,1.058889,0.390933,1.055532,0.383142,1.028734,0.312217
6.576996166,1.058913,0.390988,1.055556,0.383199,1.028750,0.312264
6.578963161,1.058937,0.391044,1.055581,0.383257,1.028766,0.312311
6.580930155,1.058961,0.391099,1.055605,0.383314,1.028781,0.312359
6.582897150,1.058986,0.391154,1.055629,0.383371,1.028797,0.312406
6.584864144,1.059010,0.391210,1.055654,0.383428,1.028813,0.312453
6.586831139,1.059034,0.391265,1.055678,0.383485,1.028828,0.312500
6.588798133,1.059058,0.391320,1.055702,0.383543,1.028844,0.312548
6.590765128,1.059082,0.391375,1.055727,0.383600,1.028860,0.312595
6.592732122,1.059106,0.391431,1.055751,0.383657,1.028876,0.312642
6.594699117,1.059131,0.391486,1.055775,0.383714,1.028891,0.312690
6.596666111,1.059155,0.391541,1.055800,0.383771,1.028907,0.312737
6.598633106,1.059179,0.391597,1.055824,0.383828,1.028923,0.312784
6.600600100,1.059203,0.391652,1.055848,0.383885,1.028938,0.312831
6.602567095,1.059227,0.391707,1.055873,0.383942,1.028954,0.312879
6.604534089,1.059251,0.391762,1.055897,0.383999,1.028970,0.312926
6.606501084,1.059276,0.391817,1.055921,0.384056,1.028986,0.312973
6.608468078,1.059300,0.391873,1.055946,0.384113,1.029001,0.313020
6.610435073,1.059324,0.391928,1.055970,0.384170,1.029017,0.313067
6.612402067,1.059348,0.391983,1.055994,0.384227,1.029033,0.313115
6.614369062,1.059372,0.392038,1.056019,0.384284,1.029048,0.313162
6.616336056,1.059396,0.392093,1.056043,0.384341,1.029064,0.313209
6.618303051,1.059420,0.392148,1.056067,0.384398,1.029080,0.313256
6.620270045,1.059445,0.392204,1.056092,0.384455,1.029096,0.313303
6.622237040,1.059469,0.392259,1.056116,0.384512,1.029111,0.313350
6.624204034,1.059493,0.392314,1.056140,0.384569,1.029127,0.313397
6.626171029,1.059517,0.392369,1.056165,0.384626,1.029143,0.313445
6.628138023,1.059541,0.392424,1.056189,0.384683,1.029159,0.313492
6.630105018,1.059565,0.392479,1.056213,0.384740,1.029174,0.313539
6.632072012,1.059590,0.392534,1.056238,0.384797,1.029190,0.313586
6.634039007,1.059614,0.392589,1.056262,0.384854,1.029206,0.313633
6.636006001,1.059638,0.392644,1.056286,0.384911,1.029221,0.313680
6.637972995,1.059662,0.392699,1.056311,0.384968,1.029237,0.313727
6.639939990,1.059686,0.392754,1.056335,0.385024,1.029253,0.313774
6.641906984,1.059710,0.392809,1.056359,0.385081,1.029269,0.313821
6.643873979,1.059734,0.392864,1.056384,0.385138,1.029284,0.313868
6.645840973,1.059759,0.392919,1.056408,0.385195,1.029300,0.313915
6.647807968,1.059783,0.392974,1.056432,0.385252,1.029316,0.313962
6.649774962,1.059807,0.393029,1.056457,0.385308,1.029331,0.314009
6.651741957,1.059831,0.393084,1.056481,0.385365,1.029347,0.314056
6.653708951,1.059855,0.393139,1.056505,0.385422,1.029363,0.314103
6.655675946,1.059879,0.393194,1.056530,0.385479,1.029379,0.314150
6.657642940,1.059903,0.393249,1.056554,0.385535,1.029394,0.314197
6.659609935,1.059928,0.393304,1.056578,0.385592,1.029410,0.314244
6.661576929,1.059952,0.393359,1.056603,0.385649,1.029426,0.314291
6.663543924,1.059976,0.393414,1.056627,0.385706,1.029441,0.314338
6.665510918,1.060000,0.393468,1.056651,0.385762,1.029457,0.314385
6.667477913,1.060024,0.393523,1.056676,0.385819,1.029473,0.314432
6.669444907,1.060048,0.393578,1.056700,0.385876,1.029489,0.314479
6.671411902,1.060072,0.393633,1.056724,0.385932,1.029504,0.314526
6.673378896,1.060097,0.393688,1.056749,0.385989,1.029520,0.314573
6.675345891,1.060121,0.393743,1.056773,0.386046,1.029536,0.314620
6.677312885,1.060145,0.393797,1.056797,0.386102,1.029551,0.314667
6.679279880,1.060169,0.393852,1.056822,0.386159,1.029567,0.314713
6.681246874,1.060193,0.393907,1.056846,0.386215,1.029583,0.314760
6.683213869,1.060217,0.393962,1.056870,0.386272,1.029598,0.314807
6.685180863,1.060241,0.394017,1.056895,0.386329,1.029614,0.314854
6.687147858,1.060266,0.394071,1.056919,0.386385,1.029630,0.314901
6.689114852,1.060290,0.394126,1.056943,0.386442,1.029646,0.314948
6.691081847,1.060314,0.394181,1.056967,0.386498,1.029661,0.314995
6.693048841,1.060338,0.394235,1.056992,0.386555,1.029677,0.315041
6.695015836,1.060362,0.394290,1.057016,0.386611,1.029693,0.315088
6.696982830,1.060386,0.394345,1.057040,0.386668,1.029708,0.315135
6.698949825,1.060410,0.394400,1.057065,0.386724,1.029724,0.315182
6.700916819,1.060435,0.394454,1.057089,0.386781,1.029740,0.315229
6.702883814,1.060459,0.394509,1.057113,0.386837,1.029756,0.315275
6.704850808,1.060483,0.394564,1.057138,0.386894,1.029771,0.315322
6.706817803,1.060507,0.394618,1.057162,0.386950,1.029787,0.315369
6.708784797,1.060531,0.394673,1.057186,0.387006,1.029803,0.315416
6.710751792,1.060555,0.394727,1.057211,0.387063,1.029818,0.315462
6.712718786,1.060579,0.394782,1.057235,0.387119,1.029834,0.315509
6.714685781,1.060603,0.394837,1.057259,0.387176,1.029850,0.315556
6.716652775,1.060628,0.394891,1.057284,0.387232,1.029866,0.315602
6.718619770,1.060652,0.394946,1.057308,0.387288,1.029881,0.315649
6.720586764,1.060676,0.395000,1.057332,0.387345,1.029897,0.315696
6.722553759,1.060700,0.395055,1.057356,0.387401,1.029913,0.315743
6.724520753,1.060724,0.395109,1.057381,0.387458,1.029928,0.315789
6.726487748,1.060748,0.395164,1.057405,0.387514,1.029944,0.315836
6.728454742,1.060772,0.395219,1.057429,0.387570,1.029960,0.315883
6.730421737,1.060796,0.395273,1.057454,0.387626,1.029975,0.315929
6.732388731,1.060821,0.395328,1.057478,0.387683,1.029991,0.315976
6.734355726,1.060845,0.395382,1.057502,0.387739,1.030007,0.316022
6.736322720,1.060869,0.395437,1.057527,0.387795,1.030023,0.316069
6.738289715,1.060893,0.395491,1.057551,0.387852,1.030038,0.316116
6.740256709,1.060917,0.395545,1.057575,0.387908,1.030054,0.316162
6.742223704,1.060941,0.395600,1.057600,0.387964,1.030070,0.316209
6.744190698,1.060965,0.395654,1.057624,0.388020,1.030085,0.316255
6.746157693,1.060989,0.395709,1.057648,0.388076,1.030101,0.316302
6.748124687,1.061014,0.395763,1.057672,0.388133,1.030117,0.316349
6.750091682,1.061038,0.395818,1.057697,0.388189,1.030132,0.316395
6.752058676,1.061062,0.395872,1.057721,0.388245,1.030148,0.316442
6.754025671,1.061086,0.395926,1.057745,0.388301,1.030164,0.316488
6.755992665,1.061110,0.395981,1.057770,0.388357,1.030180,0.316535
6.757959660,1.061134,0.396035,1.057794,0.388413,1.030195,0.316581
6.759926654,1.061158,0.396089,1.057818,0.388470,1.030211,0.316628
6.761893649,1.061182,0.396144,1.057843,0.388526,1.030227,0.316674
6.763860643,1.061207,0.396198,1.057867,0.388582,1.030242,0.316721
6.765827638,1.061231,0.396252,1.057891,0.388638,1.030258,0.316767
6.767794632,1.061255,0.396307,1.057915,0.388694,1.030274,0.316814
6.769761627,1.061279,0.396361,1.057940,0.388750,1.030289,0.316860
6.771728621,1.061303,0.396415,1.057964,0.388806,1.030305,0.316907
6.773695616,1.061327,0.396470,1.057988,0.388862,1.030321,0.316953
6.775662610,1.061351,0.396524,1.058013,0.388918,1.030337,0.317000
6.777629605,1.061375,0.396578,1.058037,0.388974,1.030352,0.317046
6.779596599,1.061399,0.396632,1.058061,0.389030,1.030368,0.317093
6.781563594,1.061424,0.396687,1.058085,0.389086,1.030384,0.317139
6.783530588,1.061448,0.396741,1.058110,0.389142,1.030399,0.317185
6.785497583,1.061472,0.396795,1.058134,0.389198,1.030415,0.317232
6.787464577,1.061496,0.396849,1.058158,0.389254,1.030431,0.317278
6.789431572,1.061520,0.396903,1.058183,0.389310,1.030446,0.317325
6.791398566,1.061544,0.396958,1.058207,0.389366,1.030462,0.317371
6.793365561,1.061568,0.397012,1.058231,0.389422,1.030478,0.317417
6.795332555,1.061592,0.397066,1.058255,0.389478,1.030494,0.317464
6.797299550,1.061616,0.397120,1.058280,0.389534,1.030509,0.317510
6.799266544,1.061640,0.397174,1.058304,0.389590,1.030525,0.317556
6.801233539,1.061665,0.397228,1.058328,0.389646,1.030541,0.317603
6.803200533,1.061689,0.397282,1.058353,0.389702,1.030556,0.317649
6.805167528,1.061713,0.397337,1.058377,0.389757,1.030572,0.317695
6.807134522,1.061737,0.397391,1.058401,0.389813,1.030588,0.317742
6.809101517,1.061761,0.397445,1.058425,0.389869,1.030603,0.317788
6.811068511,1.061785,0.397499,1.058450,0.389925,1.030619,0.317834
6.813035506,1.061809,0.397553,1.058474,0.389981,1.030635,0.317881
6.815002500,1.061833,0.397607,1.058498,0.390037,1.030650,0.317927
6.816969495,1.061857,0.397661,1.058523,0.390092,1.030666,0.317973
6.818936489,1.061882,0.397715,1.058547,0.390148,1.030682,0.318019
6.820903484,1.061906,0.397769,1.058571,0.390204,1.030698,0.318066
6.822870478,1.061930,0.397823,1.058595,0.390260,1.030713,0.318112
6.824837473,1.061954,0.397877,1.058620,0.390315,1.030729,0.318158
6.826804467,1.061978,0.397931,1.058644,0.390371,1.030745,0.318204
6.828771462,1.062002,0.397985,1.058668,0.390427,1.030760,0.318250
6.830738456,1.062026,0.398039,1.058693,0.390483,1.030776,0.318297
6.832705451,1.062050,0.398093,1.058717,0.390538,1.030792,0.318343
6.834672445,1.062074,0.398147,1.058741,0.390594,1.030807,0.318389
6.836639440,1.062098,0.398201,1.058765,0.390650,1.030823,0.318435
6.838606434,1.062122,0.398255,1.058790,0.390705,1.030839,0.318481
6.840573429,1.062147,0.398309,1.058814,0.390761,1.030854,0.318528
6.842540423,1.062171,0.398362,1.058838,0.390817,1.030870,0.318574
6.844507418,1.062195,0.398416,1.058862,0.390872,1.030886,0.318620
6.846474412,1.062219,0.398470,1.058887,0.390928,1.030902,0.318666
6.848441407,1.062243,0.398524,1.058911,0.390984,1.030917,0.318712
6.850408401,1.062267,0.398578,1.058935,0.391039,1.030933,0.318758
6.852375396,1.062291,0.398632,1.058960,0.391095,1.030949,0.318804
6.854342390,1.062315,0.398686,1.058984,0.391150,1.030964,0.318850
6.856309385,1.062339,0.398739,1.059008,0.391206,1.030980,0.318897
6.858276379,1.062363,0.398793,1.059032,0.391261,1.030996,0.318943
6.860243374,1.062387,0.398847,1.059057,0.391317,1.031011,0.318989
6.862210368,1.062412,0.398901,1.059081,0.391372,1.031027,0.319035
6.864177363,1.062436,0.398955,1.059105,0.391428,1.031043,0.319081
6.866144357,1.062460,0.399008,1.059129,0.391484,1.031058,0.319127
6.868111352,1.062484,0.399062,1.059154,0.391539,1.031074,0.319173
6.870078346,1.062508,0.399116,1.059178,0.391595,1.031090,0.319219
6.872045341,1.062532,0.399170,1.059202,0.391650,1.031106,0.319265
6.874012335,1.062556,0.399223,1.059227,0.391705,1.031121,0.319311
6.875979330,1.062580,0.399277,1.059251,0.391761,1.031137,0.319357
6.877946324,1.062604,0.399331,1.059275,0.391816,1.031153,0.319403
6.879913319,1.062628,0.399385,1.059299,0.391872,1.031168,0.319449
6.881880313,1.062652,0.399438,1.059324,0.391927,1.031184,0.319495
6.883847308,1.062677,0.399492,1.059348,0.391983,1.031200,0.319541
6.885814302,1.062701,0.399546,1.059372,0.392038,1.031215,0.319587
6.887781297,1.062725,0.399599,1.059396,0.392093,1.031231,0.319633
6.889748291,1.062749,0.399653,1.059421,0.392149,1.031247,0.319679
6.891715286,1.062773,0.399707,1.059445,0.392204,1.031262,0.319725
6.893682280,1.062797,0.399760,1.059469,0.392260,1.031278,0.319771
6.895649275,1.062821,0.399814,1.059493,0.392315,1.031294,0.319817
6.897616269,1.062845,0.399867,1.059518,0.392370,1.031309,0.319863
6.899583264,1.062869,0.399921,1.059542,0.392425,1.031325,0.319908
6.901550258,1.062893,0.399975,1.059566,0.392481,1.031341,0.319954
6.903517253,1.062917,0.400028,1.059590,0.392536,1.031356,0.320000
6.905484247,1.062941,0.400082,1.059615,0.392591,1.031372,0.320046
6.907451242,1.062965,0.400135,1.059639,0.392647,1.031388,0.320092
6.909418236,1.062990,0.400189,1.059663,0.392702,1.031404,0.320138
6.911385231,1.063014,0.400242,1.059687,0.392757,1.031419,0.320184
6.913352225,1.063038,0.400296,1.059712,0.392812,1.031435,0.320230
6.915319220,1.063062,0.400349,1.059736,0.392868,1.031451,0.320275
6.917286214,1.063086,0.400403,1.059760,0.392923,1.031466,0.320321
6.919253209,1.063110,0.400456,1.059784,0.392978,1.031482,0.320367
6.921220203,1.063134,0.400510,1.059809,0.393033,1.031498,0.320413
6.923187198,1.063158,0.400563,1.059833,0.393088,1.031513,0.320459
6.925154192,1.063182,0.400617,1.059857,0.393144,1.031529,0.320505
6.927121187,1.063206,0.400670,1.059881,0.393199,1.031545,0.320550
6.929088181,1.063230,0.400724,1.059906,0.393254,1.031560,0.320596
6.931055176,1.063254,0.400777,1.059930,0.393309,1.031576,0.320642
6.933022170,1.063278,0.400831,1.059954,0.393364,1.031592,0.320688
6.934989165,1.063302,0.400884,1.059978,0.393419,1.031607,0.320733
6.936956159,1.063327,0.400937,1.060003,0.393474,1.031623,0.320779
6.938923154,1.063351,0.400991,1.060027,0.393530,1.031639,0.320825
6.940890148,1.063375,0.401044,1.060051,0.393585,1.031654,0.320871
6.942857143,1.063399,0.401098,1.060075,0.393640,1.031670,0.320916
6.944824137,1.063423,0.401151,1.060100,0.393695,1.031686,0.320962
6.946791132,1.063447,0.401204,1.060124,0.393750,1.031701,0.321008
6.948758126,1.063471,0.401258,1.060148,0.393805,1.031717,0.321053
6.950725121,1.063495,0.401311,1.060172,0.393860,1.031733,0.321099
6.952692115,1.063519,0.401364,1.060197,0.393915,1.031748,0.321145
6.954659110,1.063543,0.401418,1.060221,0.393970,1.031764,0.321190
6.956626104,1.063567,0.401471,1.060245,0.394025,1.031780,0.321236
6.958593099,1.063591,0.401524,1.060269,0.394080,1.031796,0.321282
6.960560093,1.063615,0.401577,1.060294,0.394135,1.031811,0.321327
6.962527088,1.063639,0.401631,1.060318,0.394190,1.031827,0.321373
6.964494082,1.063663,0.401684,1.060342,0.394245,1.031843,0.321419
6.966461077,1.063687,0.401737,1.060366,0.394300,1.031858,0.321464
6.968428071,1.063712,0.401790,1.060391,0.394355,1.031874,0.321510
6.970395066,1.063736,0.401844,1.060415,0.394410,1.031890,0.321556
6.972362060,1.063760,0.401897,1.060439,0.394465,1.031905,0.321601
6.974329055,1.063784,0.401950,1.060463,0.394519,1.031921,0.321647
6.976296049,1.063808,0.402003,1.060488,0.394574,1.031937,0.321692
6.978263044,1.063832,0.402056,1.060512,0.394629,1.031952,0.321738
6.980230038,1.063856,0.402110,1.060536,0.394684,1.031968,0.321783
6.982197033,1.063880,0.402163,1.060560,0.394739,1.031984,0.321829
6.984164027,1.063904,0.402216,1.060585,0.394794,1.031999,0.321875
6.986131022,1.063928,0.402269,1.060609,0.394849,1.032015,0.321920
6.988098016,1.063952,0.402322,1.060633,0.394903,1.032031,0.321966
6.990065011,1.063976,0.402375,1.060657,0.394958,1.032046,0.322011
6.992032005,1.064000,0.402428,1.060681,0.395013,1.032062,0.322057
6.993999000,1.064024,0.402481,1.060706,0.395068,1.032078,0.322102
6.995965994,1.064048,0.402535,1.060730,0.395123,1.032093,0.322148
6.997932989,1.064072,0.402588,1.060754,0.395177,1.032109,0.322193
6.999899983,1.064096,0.402641,1.060778,0.395232,1.032125,0.322239
7.001866978,1.064120,0.402694,1.060803,0.395287,1.032140,0.322284
7.003833972,1.064144,0.402747,1.060827,0.395342,1.032156,0.322330
7.005800967,1.064169,0.402800,1.060851,0.395396,1.032172,0.322375
7.007767961,1.064193,0.402853,1.060875,0.395451,1.032187,0.322420
7.009734956,1.064217,0.402906,1.060899,0.395506,1.032203,0.322466
7.011701950,1.064241,0.402959,1.060924,0.395560,1.032219,0.322511
7.013668945,1.064265,0.403012,1.060948,0.395615,1.032234,0.322557
7.015635939,1.064289,0.403065,1.060972,0.395670,1.032250,0.322602
7.017602934,1.064313,0.403118,1.060996,0.395724,1.032266,0.322648
7.019569928,1.064337,0.403171,1.061021,0.395779,1.032281,0.322693
7.021536923,1.064361,0.403224,1.061045,0.395834,1.032297,0.322738
7.023503917,1.064385,0.403277,1.061069,0.395888,1.032313,0.322784
7.025470912,1.064409,0.403330,1.061093,0.395943,1.032328,0.322829
7.027437906,1.064433,0.403383,1.061118,0.395998,1.032344,0.322874
7.029404901,1.064457,0.403436,1.061142,0.396052,1.032360,0.322920
7.031371895,1.064481,0.403488,1.061166,0.396107,1.032375,0.322965
7.033338890,1.064505,0.403541,1.061190,0.396161,1.032391,0.323011
7.035305884,1.064529,0.403594,1.061214,0.396216,1.032407,0.323056
7.037272879,1.064553,0.403647,1.061239,0.396270,1.032422,0.323101
7.039239873,1.064577,0.403700,1.061263,0.396325,1.032438,0.323147
7.041206868,1.064601,0.403753,1.061287,0.396379,1.032454,0.323192
7.043173862,1.064625,0.403806,1.061311,0.396434,1.032469,0.323237
7.045140857,1.064649,0.403859,1.061335,0.396489,1.032485,0.323282
7.047107851,1.064673,0.403911,1.061360,0.396543,1.032501,0.323328
7.049074846,1.064697,0.403964,1.061384,0.396597,1.032516,0.323373
7.051041840,1.064721,0.404017,1.061408,0.396652,1.032532,0.323418
7.053008835,1.064746,0.404070,1.061432,0.396706,1.032548,0.323463
7.054975829,1.064770,0.404123,1.061457,0.396761,1.032563,0.323509
7.056942824,1.064794,0.404175,1.061481,0.396815,1.032579,0.323554
7.058909818,1.064818,0.404228,1.061505,0.396870,1.032595,0.323599
7.060876813,1.064842,0.404281,1.061529,0.396924,1.032610,0.323644
7.062843807,1.064866,0.404334,1.061553,0.396979,1.032626,0.323690
7.064810802,1.064890,0.404386,1.061578,0.397033,1.032642,0.323735
7.066777796,1.064914,0.404439,1.061602,0.397087,1.032657,0.323780
7.068744791,1.064938,0.404492,1.061626,0.397142,1.032673,0.323825
7.070711785,1.064962,0.404544,1.061650,0.397196,1.032689,0.323870
7.072678780,1.064986,0.404597,1.061674,0.397250,1.032704,0.323916
7.074645774,1.065010,0.404650,1.061699,0.397305,1.032720,0.323961
7.076612769,1.065034,0.404703,1.061723,0.397359,1.032736,0.324006
7.078579763,1.065058,0.404755,1.061747,0.397413,1.032751,0.324051
7.080546758,1.065082,0.404808,1.061771,0.397468,1.032767,0.324096
7.082513752,1.065106,0.404861,1.061796,0.397522,1.032783,0.324141
7.084480747,1.065130,0.404913,1.061820,0.397576,1.032798,0.324187
7.086447741,1.065154,0.404966,1.061844,0.397631,1.032814,0.324232
7.088414736,1.065178,0.405018,1.061868,0.397685,1.032830,0.324277
7.090381730,1.065202,0.405071,1.061892,0.397739,1.032845,0.324322
7.092348725,1.065226,0.405124,1.061917,0.397793,1.032861,0.324367
7.094315719,1.065250,0.405176,1.061941,0.397848,1.032877,0.324412
7.096282714,1.065274,0.405229,1.061965,0.397902,1.032892,0.324457
7.098249708,1.065298,0.405281,1.061989,0.397956,1.032908,0.324502
7.100216703,1.065322,0.405334,1.062013,0.398010,1.032924,0.324547
7.102183697,1.065346,0.405386,1.062038,0.398064,1.032939,0.324592
7.104150692,1.065370,0.405439,1.062062,0.398119,1.032955,0.324637
7.106117686,1.065394,0.405491,1.062086,0.398173,1.032971,0.324682
7.108084681,1.065418,0.405544,1.062110,0.398227,1.032986,0.324727
7.110051675,1.065442,0.405597,1.062134,0.398281,1.033002,0.324772
7.112018670,1.065466,0.405649,1.062159,0.398335,1.033018,0.324817
7.113985664,1.065490,0.405701,1.062183,0.398389,1.033033,0.324862
7.115952659,1.065514,0.405754,1.062207,0.398444,1.033049,0.324907
7.117919653,1.065538,0.405806,1.062231,0.398498,1.033064,0.324952
7.119886648,1.065562,0.405859,1.062255,0.398552,1.033080,0.324997
7.121853642,1.065586,0.405911,1.062280,0.398606,1.033096,0.325042
7.123820637,1.065610,0.405964,1.062304,0.398660,1.033111,0.325087
7.125787631,1.065634,0.406016,1.062328,0.398714,1.033127,0.325132
7.127754626,1.065658,0.406069,1.062352,0.398768,1.033143,0.325177
7.129721620,1.065682,0.406121,1.062376,0.398822,1.033158,0.325222
7.131688615,1.065706,0.406173,1.062400,0.398876,1.033174,0.325267
7.133655609,1.065731,0.406226,1.062425,0.398930,1.033190,0.325312
7.135622604,1.065755,0.406278,1.062449,0.398984,1.033205,0.325357
7.137589598,1.065779,0.406331,1.062473,0.399038,1.033221,0.325402
7.139556593,1.065803,0.406383,1.062497,0.399092,1.033237,0.325447
7.141523587,1.065827,0.406435,1.062521,0.399146,1.033252,0.325492
7.143490582,1.065851,0.406488,1.062546,0.399200,1.033268,0.325537
7.145457576,1.065875,0.406540,1.062570,0.399254,1.033284,0.325582
7.147424571,1.065899,0.406592,1.062594,0.399308,1.033299,0.325626
7.149391565,1.065923,0.406645,1.062618,0.399362,1.033315,0.325671
7.151358560,1.065947,0.406697,1.062642,0.399416,1.033331,0.325716
7.153325554,1.065971,0.406749,1.062667,0.399470,1.033346,0.325761
7.155292549,1.065995,0.406801,1.062691,0.399524,1.033362,0.325806
7.157259543,1.066019,0.406854,1.062715,0.399578,1.033378,0.325851
7.159226538,1.066043,0.406906,1.062739,0.399631,1.033393,0.325895
7.161193532,1.066067,0.406958,1.062763,0.399685,1.033409,0.325940
7.163160527,1.066091,0.407010,1.062787,0.399739,1.033425,0.325985
7.165127521,1.066115,0.407063,1.062812,0.399793,1.033440,0.326030
7.167094516,1.066139,0.407115,1.062836,0.399847,1.033456,0.326075
7.169061510,1.066163,0.407167,1.062860,0.399901,1.033472,0.326119
7.171028505,1.066187,0.407219,1.062884,0.399955,1.033487,0.326164
7.172995499,1.066211,0.407271,1.062908,0.400008,1.033503,0.326209
7.174962494,1.066235,0.407324,1.062933,0.400062,1.033518,0.326254
7.176929488,1.066259,0.407376,1.062957,0.400116,1.033534,0.326298
7.178896483,1.066283,0.407428,1.062981,0.400170,1.033550,0.326343
7.180863477,1.066307,0.407480,1.063005,0.400224,1.033565,0.326388
7.182830472,1.066331,0.407532,1.063029,0.400277,1.033581,0.326433
7.184797466,1.066355,0.407584,1.063053,0.400331,1.033597,0.326477
7.186764461,1.066379,0.407636,1.063078,0.400385,1.033612,0.326522
7.188731455,1.066403,0.407689,1.063102,0.400439,1.033628,0.326567
7.190698450,1.066427,0.407741,1.063126,0.400492,1.033644,0.326612
7.192665444,1.066451,0.407793,1.063150,0.400546,1.033659,0.326656
7.194632439,1.066475,0.407845,1.063174,0.400600,1.033675,0.326701
7.196599433,1.066499,0.407897,1.063199,0.400653,1.033691,0.326746
7.198566428,1.066523,0.407949,1.063223,0.400707,1.033706,0.326790
7.200533422,1.066547,0.408001,1.063247,0.400761,1.033722,0.326835
7.202500417,1.066571,0.408053,1.063271,0.400814,1.033738,0.326880
7.204467411,1.066595,0.408105,1.063295,0.400868,1.033753,0.326924
7.206434406,1.066619,0.408157,1.063319,0.400922,1.033769,0.326969
7.208401400,1.066643,0.408209,1.063344,0.400975,1.033784,0.327013
7.210368395,1.066667,0.408261,1.063368,0.401029,1.033800,0.327058
7.212335389,1.066691,0.408313,1.063392,0.401082,1.033816,0.327103
7.214302384,1.066715,0.408365,1.063416,0.401136,1.033831,0.327147
7.216269378,1.066739,0.408417,1.063440,0.401190,1.033847,0.327192
7.218236373,1.066763,0.408469,1.063464,0.401243,1.033863,0.327236
7.220203367,1.066787,0.408521,1.063489,0.401297,1.033878,0.327281
7.222170362,1.066811,0.408573,1.063513,0.401350,1.033894,0.327326
7.224137356,1.066835,0.408625,1.063537,0.401404,1.033910,0.327370
7.226104351,1.066859,0.408677,1.063561,0.401457,1.033925,0.327415
7.228071345,1.066882,0.408729,1.063585,0.401511,1.033941,0.327459
7.230038340,1.066906,0.408781,1.063609,0.401564,1.033957,0.327504
7.232005334,1.066930,0.408833,1.063634,0.401618,1.033972,0.327548
7.233972329,1.066954,0.408884,1.063658,0.401671,1.033988,0.327593
7.235939323,1.066978,0.408936,1.063682,0.401725,1.034003,0.327637
7.237906318,1.067002,0.408988,1.063706,0.401778,1.034019,0.327682
7.239873312,1.067026,0.409040,1.063730,0.401832,1.034035,0.327726
7.241840307,1.067050,0.409092,1.063754,0.401885,1.034050,0.327771
7.243807301,1.067074,0.409144,1.063779,0.401939,1.034066,0.327815
7.245774296,1.067098,0.409196,1.063803,0.401992,1.034082,0.327860
7.247741290,1.067122,0.409247,1.063827,0.402046,1.034097,0.327904
7.249708285,1.067146,0.409299,1.063851,0.402099,1.034113,0.327949
7.251675279,1.067170,0.409351,1.063875,0.402152,1.034129,0.327993
7.253642274,1.067194,0.409403,1.063899,0.402206,1.034144,0.328038
7.255609268,1.067218,0.409455,1.063924,0.402259,1.034160,0.328082
7.257576263,1.067242,0.409506,1.063948,0.402312,1.034176,0.328126
7.259543257,1.067266,0.409558,1.063972,0.402366,1.034191,0.328171
7.261510252,1.067290,0.409610,1.063996,0.402419,1.034207,0.328215
7.263477246,1.067314,0.409662,1.064020,0.402472,1.034222,0.328260
7.265444241,1.067338,0.409713,1.064044,0.402526,1.034238,0.328304
7.267411235,1.067362,0.409765,1.064068,0.402579,1.034254,0.328348
7.269378230,1.067386,0.409817,1.064093,0.402632,1.034269,0.328393
7.271345224,1.067410,0.409868,1.064117,0.402686,1.034285,0.328437
7.273312219,1.067434,0.409920,1.064141,0.402739,1.034301,0.328482
7.275279213,1.067458,0.409972,1.064165,0.402792,1.034316,0.328526
7.277246208,1.067482,0.410023,1.064189,0.402845,1.034332,0.328570
7.279213202,1.067506,0.410075,1.064213,0.402899,1.034348,0.328615
7.281180197,1.067530,0.410127,1.064238,0.402952,1.034363,0.328659
7.283147191,1.067554,0.410178,1.064262,0.403005,1.034379,0.328703
7.285114186,1.067578,0.410230,1.064286,0.403058,1.034394,0.328748
7.287081180,1.067602,0.410282,1.064310,0.403112,1.034410,0.328792
7.289048175,1.067626,0.410333,1.064334,0.403165,1.034426,0.328836
7.291015169,1.067650,0.410385,1.064358,0.403218,1.034441,0.328881
7.292982164,1.067674,0.410436,1.064382,0.403271,1.034457,0.328925
7.294949158,1.067698,0.410488,1.064407,0.403324,1.034473,0.328969
7.296916153,1.067722,0.410540,1.064431,0.403378,1.034488,0.329013
7.298883147,1.067746,0.410591,1.064455,0.403431,1.034504,0.329058
7.300850142,1.067770,0.410643,1.064479,0.403484,1.034520,0.329102
7.302817136,1.067794,0.410694,1.064503,0.403537,1.034535,0.329146
7.304784131,1.067818,0.410746,1.064527,0.403590,1.034551,0.329190
7.306751125,1.067842,0.410797,1.064551,0.403643,1.034566,0.329235
7.308718120,1.067866,0.410849,1.064576,0.403696,1.034582,0.329279
7.310685114,1.067889,0.410900,1.064600,0.403749,1.034598,0.329323
7.312652109,1.067913,0.410952,1.064624,0.403802,1.034613,0.329367
7.314619103,1.067937,0.411003,1.064648,0.403856,1.034629,0.329411
7.316586098,1.067961,0.411055,1.064672,0.403909,1.034645,0.329456
7.318553092,1.067985,0.411106,1.064696,0.403962,1.034660,0.329500
7.320520087,1.068009,0.411158,1.064720,0.404015,1.034676,0.329544
7.322487081,1.068033,0.411209,1.064745,0.404068,1.034692,0.329588
7.324454076,1.068057,0.411261,1.064769,0.404121,1.034707,0.329632
7.326421070,1.068081,0.411312,1.064793,0.404174,1.034723,0.329677
7.328388065,1.068105,0.411364,1.064817,0.404227,1.034738,0.329721
7.330355059,1.068129,0.411415,1.064841,0.404280,1.034754,0.329765
7.332322054,1.068153,0.411466,1.064865,0.404333,1.034770,0.329809
7.334289048,1.068177,0.411518,1.064889,0.404386,1.034785,0.329853
7.336256043,1.068201,0.411569,1.064914,0.404439,1.034801,0.329897
7.338223037,1.068225,0.411621,1.064938,0.404492,1.034817,0.329941
7.340190032,1.068249,0.411672,1.064962,0.404544,1.034832,0.329985
7.342157026,1.068273,0.411723,1.064986,0.404597,1.034848,0.330030
7.344124021,1.068297,0.411775,1.065010,0.404650,1.034863,0.330074
7.346091015,1.068321,0.411826,1.065034,0.404703,1.034879,0.330118
7.348058010,1.068345,0.411877,1.065058,0.404756,1.034895,0.330162
7.350025004,1.068369,0.411929,1.065082,0.404809,1.034910,0.330206
7.351991999,1.068393,0.411980,1.065107,0.404862,1.034926,0.330250
7.353958993,1.068417,0.412031,1.065131,0.404915,1.034942,0.330294
7.355925988,1.068441,0.412082,1.065155,0.404968,1.034957,0.330338
7.357892982,1.068464,0.412134,1.065179,0.405020,1.034973,0.330382
7.359859977,1.068488,0.412185,1.065203,0.405073,1.034989,0.330426
7.361826971,1.068512,0.412236,1.065227,0.405126,1.035004,0.330470
7.363793966,1.068536,0.412288,1.065251,0.405179,1.035020,0.330514
7.365760960,1.068560,0.412339,1.065275,0.405232,1.035035,0.330558
7.367727955,1.068584,0.412390,1.065300,0.405284,1.035051,0.330602
7.369694949,1.068608,0.412441,1.065324,0.405337,1.035067,0.330646
7.371661944,1.068632,0.412492,1.065348,0.405390,1.035082,0.330690
7.373628938,1.068656,0.412544,1.065372,0.405443,1.035098,0.330734
7.375595933,1.068680,0.412595,1.065396,0.405496,1.035114,0.330778
7.377562927,1.068704,0.412646,1.065420,0.405548,1.035129,0.330822
7.379529922,1.068728,0.412697,1.065444,0.405601,1.035145,0.330866
7.381496916,1.068752,0.412748,1.065468,0.405654,1.035160,0.330910
7.383463911,1.068776,0.412800,1.065493,0.405706,1.035176,0.330954
7.385430905,1.068800,0.412851,1.065517,0.405759,1.035192,0.330998
7.387397900,1.068824,0.412902,1.065541,0.405812,1.035207,0.331042
7.389364894,1.068848,0.412953,1.065565,0.405865,1.035223,0.331085
7.391331889,1.068872,0.413004,1.065589,0.405917,1.035239,0.331129
7.393298883,1.068895,0.413055,1.065613,0.405970,1.035254,0.331173
7.395265878,1.068919,0.413106,1.065637,0.406022,1.035270,0.331217
7.397232872,1.068943,0.413157,1.065661,0.406075,1.035285,0.331261
7.399199867,1.068967,0.413208,1.065686,0.406128,1.035301,0.331305
7.401166861,1.068991,0.413260,1.065710,0.406180,1.035317,0.331349
7.403133856,1.069015,0.413311,1.065734,0.406233,1.035332,0.331393
7.405100850,1.069039,0.413362,1.065758,0.406286,1.035348,0.331437
7.407067845,1.069063,0.413413,1.065782,0.406338,1.035364,0.331480
7.409034839,1.069087,0.413464,1.065806,0.406391,1.035379,0.331524
7.411001834,1.069111,0.413515,1.065830,0.406443,1.035395,0.331568
7.412968828,1.069135,0.413566,1.065854,0.406496,1.035410,0.331612
7.414935823,1.069159,0.413617,1.065879,0.406548,1.035426,0.331656
7.416902817,1.069183,0.413668,1.065903,0.406601,1.035442,0.331699
7.418869812,1.069207,0.413719,1.065927,0.406654,1.035457,0.331743
7.420836806,1.069231,0.413770,1.065951,0.406706,1.035473,0.331787
7.422803801,1.069255,0.413821,1.065975,0.406759,1.035488,0.331831
7.424770795,1.069278,0.413872,1.065999,0.406811,1.035504,0.331875
7.426737790,1.069302,0.413923,1.066023,0.406864,1.035520,0.331918
7.428704784,1.069326,0.413974,1.066047,0.406916,1.035535,0.331962
7.430671779,1.069350,0.414025,1.066071,0.406969,1.035551,0.332006
7.432638773,1.069374,0.414075,1.066096,0.407021,1.035567,0.332050
7.434605768,1.069398,0.414126,1.066120,0.407073,1.035582,0.332093
7.436572762,1.069422,0.414177,1.066144,0.407126,1.035598,0.332137
7.438539757,1.069446,0.414228,1.066168,0.407178,1.035613,0.332181
7.440506751,1.069470,0.414279,1.066192,0.407231,1.035629,0.332225
7.442473746,1.069494,0.414330,1.066216,0.407283,1.035645,0.332268
7.444440740,1.069518,0.414381,1.066240,0.407336,1.035660,0.332312
7.446407735,1.069542,0.414432,1.066264,0.407388,1.035676,0.332356
7.448374729,1.069566,0.414483,1.066288,0.407440,1.035692,0.332399
7.450341724,1.069590,0.414533,1.066312,0.407493,1.035707,0.332443
7.452308718,1.069614,0.414584,1.066337,0.407545,1.035723,0.332487
7.454275713,1.069637,0.414635,1.066361,0.407597,1.035738,0.332530
7.456242707,1.069661,0.414686,1.066385,0.407650,1.035754,0.332574
7.458209702,1.069685,0.414737,1.066409,0.407702,1.035770,0.332618
7.460176696,1.069709,0.414787,1.066433,0.407754,1.035785,0.332661
7.462143691,1.069733,0.414838,1.066457,0.407807,1.035801,0.332705
7.464110685,1.069757,0.414889,1.066481,0.407859,1.035816,0.332749
7.466077680,1.069781,0.414940,1.066505,0.407911,1.035832,0.332792
7.468044674,1.069805,0.414991,1.066529,0.407964,1.035848,0.332836
7.470011669,1.069829,0.415041,1.066553,0.408016,1.035863,0.332879
7.471978663,1.069853,0.415092,1.066578,0.408068,1.035879,0.332923
7.473945658,1.069877,0.415143,1.066602,0.408120,1.035895,0.332967
7.475912652,1.069901,0.415193,1.066626,0.408173,1.035910,0.333010
7.477879647,1.069924,0.415244,1.066650,0.408225,1.035926,0.333054
7.479846641,1.069948,0.415295,1.066674,0.408277,1.035941,0.333097
7.481813636,1.069972,0.415346,1.066698,0.408329,1.035957,0.333141
7.483780630,1.069996,0.415396,1.066722,0.408382,1.035973,0.333184
7.485747625,1.070020,0.415447,1.066746,0.408434,1.035988,0.333228
7.487714619,1.070044,0.415498,1.066770,0.408486,1.036004,0.333271
7.489681614,1.070068,0.415548,1.066794,0.408538,1.036019,0.333315
7.491648608,1.070092,0.415599,1.066819,0.408590,1.036035,0.333359
7.493615603,1.070116,0.415650,1.066843,0.408642,1.036051,0.333402
7.495582597,1.070140,0.415700,1.066867,0.408695,1.036066,0.333446
7.497549592,1.070164,0.415751,1.066891,0.408747,1.036082,0.333489
7.499516586,1.070188,0.415801,1.066915,0.408799,1.036098,0.333533
7.501483581,1.070211,0.415852,1.066939,0.408851,1.036113,0.333576
7.503450575,1.070235,0.415903,1.066963,0.408903,1.036129,0.333619
7.505417570,1.070259,0.415953,1.066987,0.408955,1.036144,0.333663
7.507384564,1.070283,0.416004,1.067011,0.409007,1.036160,0.333706
7.509351559,1.070307,0.416054,1.067035,0.409059,1.036176,0.333750
7.511318553,1.070331,0.416105,1.067059,0.409111,1.036191,0.333793
7.513285548,1.070355,0.416155,1.067083,0.409163,1.036207,0.333837
7.515252542,1.070379,0.416206,1.067108,0.409215,1.036222,0.333880
7.517219537,1.070403,0.416256,1.067132,0.409267,1.036238,0.333924
7.519186531,1.070427,0.416307,1.067156,0.409320,1.036254,0.333967
7.521153526,1.070451,0.416357,1.067180,0.409372,1.036269,0.334010
7.523120520,1.070474,0.416408,1.067204,0.409424,1.036285,0.334054
7.525087515,1.070498,0.416458,1.067228,0.409476,1.036300,0.334097
7.527054509,1.070522,0.416509,1.067252,0.409528,1.036316,0.334141
7.529021504,1.070546,0.416559,1.067276,0.409580,1.036332,0.334184
7.530988498,1.070570,0.416610,1.067300,0.409631,1.036347,0.334227
7.532955493,1.070594,0.416660,1.067324,0.409683,1.036363,0.334271
7.534922487,1.070618,0.416711,1.067348,0.409735,1.036378,0.334314
7.536889482,1.070642,0.416761,1.067372,0.409787,1.036394,0.334357
7.538856476,1.070666,0.416812,1.067397,0.409839,1.036410,0.334401
7.540823471,1.070690,0.416862,1.067421,0.409891,1.036425,0.334444
7.542790465,1.070714,0.416912,1.067445,0.409943,1.036441,0.334487
7.544757460,1.070737,0.416963,1.067469,0.409995,1.036457,0.334531
7.546724454,1.070761,0.417013,1.067493,0.410047,1.036472,0.334574
7.548691449,1.070785,0.417064,1.067517,0.410099,1.036488,0.334617
7.550658443,1.070809,0.417114,1.067541,0.410151,1.036503,0.334661
7.552625438,1.070833,0.417164,1.067565,0.410203,1.036519,0.334704
7.554592432,1.070857,0.417215,1.067589,0.410254,1.036535,0.334747
7.556559427,1.070881,0.417265,1.067613,0.410306,1.036550,0.334791
7.558526421,1.070905,0.417315,1.067637,0.410358,1.036566,0.334834
7.560493416,1.070929,0.417366,1.067661,0.410410,1.036581,0.334877
7.562460410,1.070952,0.417416,1.067685,0.410462,1.036597,0.334920
7.564427405,1.070976,0.417466,1.067710,0.410513,1.036613,0.334964
7.566394399,1.071000,0.417517,1.067734,0.410565,1.036628,0.335007
7.568361394,1.071024,0.417567,1.067758,0.410617,1.036644,0.335050
7.570328388,1.071048,0.417617,1.067782,0.410669,1.036659,0.335093
7.572295383,1.071072,0.417668,1.067806,0.410721,1.036675,0.335136
7.574262377,1.071096,0.417718,1.067830,0.410772,1.036691,0.335180
7.576229372,1.071120,0.417768,1.067854,0.410824,1.036706,0.335223
7.578196366,1.071144,0.417818,1.067878,0.410876,1.036722,0.335266
7.580163361,1.071168,0.417869,1.067902,0.410928,1.036737,0.335309
7.582130355,1.071191,0.417919,1.067926,0.410979,1.036753,0.335352
7.584097350,1.071215,0.417969,1.067950,0.411031,1.036769,0.335396
7.586064344,1.071239,0.418019,1.067974,0.411083,1.036784,0.335439
7.588031339,1.071263,0.418069,1.067998,0.411134,1.036800,0.335482
7.589998333,1.071287,0.418120,1.068022,0.411186,1.036815,0.335525
7.591965328,1.071311,0.418170,1.068047,0.411238,1.036831,0.335568
7.593932322,1.071335,0.418220,1.068071,0.411289,1.036847,0.335611
7.595899317,1.071359,0.418270,1.068095,0.411341,1.036862,0.335655
7.597866311,1.071383,0.418320,1.068119,0.411393,1.036878,0.335698
7.599833306,1.071406,0.418370,1.068143,0.411444,1.036893,0.335741
7.601800300,1.071430,0.418421,1.068167,0.411496,1.036909,0.335784
7.603767295,1.071454,0.418471,1.068191,0.411548,1.036925,0.335827
7.605734289,1.071478,0.418521,1.068215,0.411599,1.036940,0.335870
7.607701284,1.071502,0.418571,1.068239,0.411651,1.036956,0.335913
7.609668278,1.071526,0.418621,1.068263,0.411702,1.036971,0.335956
7.611635273,1.071550,0.418671,1.068287,0.411754,1.036987,0.335999
7.613602267,1.071574,0.418721,1.068311,0.411805,1.037003,0.336042
7.615569262,1.071597,0.418771,1.068335,0.411857,1.037018,0.336085
7.617536256,1.071621,0.418821,1.068359,0.411909,1.037034,0.336128
7.619503251,1.071645,0.418871,1.068383,0.411960,1.037049,0.336172
7.621470245,1.071669,0.418921,1.068407,0.412012,1.037065,0.336215
7.623437240,1.071693,0.418971,1.068431,0.412063,1.037081,0.336258
7.625404234,1.071717,0.419021,1.068456,0.412115,1.037096,0.336301
7.627371229,1.071741,0.419071,1.068480,0.412166,1.037112,0.336344
7.629338223,1.071765,0.419121,1.068504,0.412218,1.037127,0.336387
7.631305218,1.071789,0.419171,1.068528,0.412269,1.037143,0.336430
7.633272212,1.071812,0.419221,1.068552,0.412321,1.037159,0.336473
7.635239207,1.071836,0.419271,1.068576,0.412372,1.037174,0.336516
7.637206201,1.071860,0.419321,1.068600,0.412424,1.037190,0.336559
7.639173196,1.071884,0.419371,1.068624,0.412475,1.037205,0.336602
7.641140190,1.071908,0.419421,1.068648,0.412526,1.037221,0.336645
7.643107185,1.071932,0.419471,1.068672,0.412578,1.037237,0.336687
7.645074179,1.071956,0.419521,1.068696,0.412629,1.037252,0.336730
7.647041174,1.071980,0.419571,1.068720,0.412681,1.037268,0.336773
7.649008168,1.072003,0.419621,1.068744,0.412732,1.037283,0.336816
7.650975163,1.072027,0.419671,1.068768,0.412783,1.037299,0.336859
7.652942157,1.072051,0.419721,1.068792,0.412835,1.037314,0.336902
7.654909152,1.072075,0.419771,1.068816,0.412886,1.037330,0.336945
7.656876146,1.072099,0.419821,1.068840,0.412937,1.037346,0.336988
7.658843141,1.072123,0.419871,1.068864,0.412989,1.037361,0.337031
7.660810135,1.072147,0.419920,1.068888,0.413040,1.037377,0.337074
7.662777130,1.072170,0.419970,1.068912,0.413091,1.037392,0.337117
7.664744124,1.072194,0.420020,1.068937,0.413143,1.037408,0.337160
7.666711119,1.072218,0.420070,1.068961,0.413194,1.037424,0.337202
7.668678113,1.072242,0.420120,1.068985,0.413245,1.037439,0.337245
7.670645108,1.072266,0.420170,1.069009,0.413297,1.037455,0.337288
7.672612102,1.072290,0.420219,1.069033,0.413348,1.037470,0.337331
7.674579097,1.072314,0.420269,1.069057,0.413399,1.037486,0.337374
7.676546091,1.072338,0.420319,1.069081,0.413451,1.037502,0.337417
7.678513086,1.072361,0.420369,1.069105,0.413502,1.037517,0.337459
7.680480080,1.072385,0.420419,1.069129,0.413553,1.037533,0.337502
7.682447075,1.072409,0.420468,1.069153,0.413604,1.037548,0.337545
7.684414069,1.072433,0.420518,1.069177,0.413655,1.037564,0.337588
7.686381064,1.072457,0.420568,1.069201,0.413707,1.037580,0.337631
7.688348058,1.072481,0.420618,1.069225,0.413758,1.037595,0.337674
7.690315053,1.072505,0.420667,1.069249,0.413809,1.037611,0.337716
7.692282047,1.072528,0.420717,1.069273,0.413860,1.037626,0.337759
7.694249042,1.072552,0.420767,1.069297,0.413911,1.037642,0.337802
7.696216036,1.072576,0.420817,1.069321,0.413963,1.037657,0.337845
7.698183031,1.072600,0.420866,1.069345,0.414014,1.037673,0.337887
7.700150025,1.072624,0.420916,1.069369,0.414065,1.037689,0.337930
7.702117020,1.072648,0.420966,1.069393,0.414116,1.037704,0.337973
7.704084014,1.072672,0.421015,1.069417,0.414167,1.037720,0.338016
7.706051009,1.072695,0.421065,1.069441,0.414218,1.037735,0.338058
7.708018003,1.072719,0.421115,1.069465,0.414269,1.037751,0.338101
7.709984997,1.072743,0.421164,1.069489,0.414320,1.037767,0.338144
7.711951992,1.072767,0.421214,1.069513,0.414372,1.037782,0.338186
7.713918986,1.072791,0.421264,1.069537,0.414423,1.037798,0.338229
7.715885981,1.072815,0.421313,1.069562,0.414474,1.037813,0.338272
7.717852975,1.072839,0.421363,1.069586,0.414525,1.037829,0.338315
7.719819970,1.072862,0.421412,1.069610,0.414576,1.037844,0.338357
7.721786964,1.072886,0.421462,1.069634,0.414627,1.037860,0.338400
7.723753959,1.072910,0.421512,1.069658,0.414678,1.037876,0.338443
7.725720953,1.072934,0.421561,1.069682,0.414729,1.037891,0.338485
7.727687948,1.072958,0.421611,1.069706,0.414780,1.037907,0.338528
7.729654942,1.072982,0.421660,1.069730,0.414831,1.037922,0.338570
7.731621937,1.073006,0.421710,1.069754,0.414882,1.037938,0.338613
7.733588931,1.073029,0.421759,1.069778,0.414933,1.037954,0.338656
7.735555926,1.073053,0.421809,1.069802,0.414984,1.037969,0.338698
7.737522920,1.073077,0.421858,1.069826,0.415035,1.037985,0.338741
7.739489915,1.073101,0.421908,1.069850,0.415086,1.038000,0.338784
7.741456909,1.073125,0.421957,1.069874,0.415137,1.038016,0.338826
7.743423904,1.073149,0.422007,1.069898,0.415188,1.038031,0.338869
7.745390898,1.073172,0.422056,1.069922,0.415239,1.038047,0.338911
7.747357893,1.073196,0.422106,1.069946,0.415290,1.038063,0.338954
7.749324887,1.073220,0.422155,1.069970,0.415341,1.038078,0.338997
7.751291882,1.073244,0.422205,1.069994,0.415391,1.038094,0.339039
7.753258876,1.073268,0.422254,1.070018,0.415442,1.038109,0.339082
7.755225871,1.073292,0.422304,1.070042,0.415493,1.038125,0.339124
7.757192865,1.073316,0.422353,1.070066,0.415544,1.038141,0.339167
7.759159860,1.073339,0.422403,1.070090,0.415595,1.038156,0.339209
7.761126854,1.073363,0.422452,1.070114,0.415646,1.038172,0.339252
7.763093849,1.073387,0.422501,1.070138,0.415697,1.038187,0.339294
7.765060843,1.073411,0.422551,1.070162,0.415748,1.038203,0.339337
7.767027838,1.073435,0.422600,1.070186,0.415798,1.038218,0.339379
7.768994832,1.073459,0.422650,1.070210,0.415849,1.038234,0.339422
7.770961827,1.073482,0.422699,1.070234,0.415900,1.038250,0.339464
7.772928821,1.073506,0.422748,1.070258,0.415951,1.038265,0.339507
7.774895816,1.073530,0.422798,1.070282,0.416002,1.038281,0.339549
7.776862810,1.073554,0.422847,1.070306,0.416052,1.038296,0.339592
7.778829805,1.073578,0.422896,1.070330,0.416103,1.038312,0.339634
7.780796799,1.073602,0.422946,1.070354,0.416154,1.038328,0.339677
7.782763794,1.073625,0.422995,1.070378,0.416205,1.038343,0.339719
7.784730788,1.073649,0.423044,1.070402,0.416255,1.038359,0.339762
7.786697783,1.073673,0.423094,1.070426,0.416306,1.038374,0.339804
7.788664777,1.073697,0.423143,1.070450,0.416357,1.038390,0.339846
7.790631772,1.073721,0.423192,1.070474,0.416408,1.038405,0.339889
7.792598766,1.073745,0.423241,1.070498,0.416458,1.038421,0.339931
7.794565761,1.073768,0.423291,1.070522,0.416509,1.038437,0.339974
7.796532755,1.073792,0.423340,1.070546,0.416560,1.038452,0.340016
7.798499750,1.073816,0.423389,1.070570,0.416610,1.038468,0.340059
7.800466744,1.073840,0.423439,1.070594,0.416661,1.038483,0.340101
7.802433739,1.073864,0.423488,1.070618,0.416712,1.038499,0.340143
7.804400733,1.073888,0.423537,1.070642,0.416762,1.038514,0.340186
7.806367728,1.073911,0.423586,1.070666,0.416813,1.038530,0.340228
7.808334722,1.073935,0.423635,1.070690,0.416864,1.038546,0.340270
7.810301717,1.073959,0.423685,1.070714,0.416914,1.038561,0.340313
7.812268711,1.073983,0.423734,1.070738,0.416965,1.038577,0.340355
7.814235706,1.074007,0.423783,1.070762,0.417015,1.038592,0.340397
7.816202700,1.074031,0.423832,1.070786,0.417066,1.038608,0.340440
7.818169695,1.074054,0.423881,1.070810,0.417117,1.038623,0.340482
7.820136689,1.074078,0.423930,1.070834,0.417167,1.038639,0.340524
7.822103684,1.074102,0.423980,1.070858,0.417218,1.038655,0.340567
7.824070678,1.074126,0.424029,1.070882,0.417268,1.038670,0.340609
7.826037673,1.074150,0.424078,1.070906,0.417319,1.038686,0.340651
7.828004667,1.074174,0.424127,1.070930,0.417369,1.038701,0.340694
7.829971662,1.074197,0.424176,1.070954,0.417420,1.038717,0.340736
7.831938656,1.074221,0.424225,1.070978,0.417471,1.038732,0.340778
7.833905651,1.074245,0.424274,1.071002,0.417521,1.038748,0.340820
7.835872645,1.074269,0.424323,1.071026,0.417572,1.038764,0.340863
7.837839640,1.074293,0.424373,1.071050,0.417622,1.038779,0.340905
7.839806634,1.074317,0.424422,1.071074,0.417673,1.038795,0.340947
7.841773629,1.074340,0.424471,1.071098,0.417723,1.038810,0.340989
7.843740623,1.074364,0.424520,1.071122,0.417773,1.038826,0.341032
7.845707618,1.074388,0.424569,1.071146,0.417824,1.038841,0.341074
7.847674612,1.074412,0.424618,1.071170,0.417874,1.038857,0.341116
7.849641607,1.074436,0.424667,1.071194,0.417925,1.038873,0.341158
7.851608601,1.074459,0.424716,1.071218,0.417975,1.038888,0.341201
7.853575596,1.074483,0.424765,1.071242,0.418026,1.038904,0.341243
7.855542590,1.074507,0.424814,1.071266,0.418076,1.038919,0.341285
7.857509585,1.074531,0.424863,1.071290,0.418127,1.038935,0.341327
7.859476579,1.074555,0.424912,1.071314,0.418177,1.038950,0.341369
7.861443574,1.074578,0.424961,1.071338,0.418227,1.038966,0.341412
7.863410568,1.074602,0.425010,1.071362,0.418278,1.038982,0.341454
7.865377563,1.074626,0.425059,1.071386,0.418328,1.038997,0.341496
7.867344557,1.074650,0.425108,1.071410,0.418378,1.039013,0.341538
7.869311552,1.074674,0.425157,1.071434,0.418429,1.039028,0.341580
7.871278546,1.074698,0.425206,1.071458,0.418479,1.039044,0.341622
7.873245541,1.074721,0.425254,1.071482,0.418529,1.039059,0.341664
7.875212535,1.074745,0.425303,1.071506,0.418580,1.039075,0.341707
7.877179530,1.074769,0.425352,1.071530,0.418630,1.039091,0.341749
7.879146524,1.074793,0.425401,1.071554,0.418680,1.039106,0.341791
7.881113519,1.074817,0.425450,1.071578,0.418731,1.039122,0.341833
7.883080513,1.074840,0.425499,1.071602,0.418781,1.039137,0.341875
7.885047508,1.074864,0.425548,1.071626,0.418831,1.039153,0.341917
7.887014502,1.074888,0.425597,1.071650,0.418882,1.039168,0.341959
7.888981497,1.074912,0.425646,1.071674,0.418932,1.039184,0.342001
7.890948491,1.074936,0.425694,1.071698,0.418982,1.039199,0.342043
7.892915486,1.074959,0.425743,1.071722,0.419032,1.039215,0.342085
7.894882480,1.074983,0.425792,1.071746,0.419083,1.039231,0.342127
7.896849475,1.075007,0.425841,1.071770,0.419133,1.039246,0.342169
7.898816469,1.075031,0.425890,1.071794,0.419183,1.039262,0.342212
7.900783464,1.075055,0.425939,1.071818,0.419233,1.039277,0.342254
7.902750458,1.075078,0.425987,1.071842,0.419283,1.039293,0.342296
7.904717453,1.075102,0.426036,1.071866,0.419334,1.039308,0.342338
7.906684447,1.075126,0.426085,1.071890,0.419384,1.039324,0.342380
7.908651442,1.075150,0.426134,1.071914,0.419434,1.039340,0.342422
7.910618436,1.075174,0.426182,1.071938,0.419484,1.039355,0.342464
7.912585431,1.075198,0.426231,1.071962,0.419534,1.039371,0.342506
7.914552425,1.075221,0.426280,1.071986,0.419584,1.039386,0.342548
7.916519420,1.075245,0.426329,1.072010,0.419635,1.039402,0.342590
7.918486414,1.075269,0.426377,1.072034,0.419685,1.039417,0.342632
7.920453409,1.075293,0.426426,1.072058,0.419735,1.039433,0.342674
7.922420403,1.075317,0.426475,1.072082,0.419785,1.039449,0.342716
7.924387398,1.075340,0.426524,1.072106,0.419835,1.039464,0.342757
7.926354392,1.075364,0.426572,1.072130,0.419885,1.039480,0.342799
7.928321387,1.075388,0.426621,1.072154,0.419935,1.039495,0.342841
7.930288381,1.075412,0.426670,1.072178,0.419985,1.039511,0.342883
7.932255376,1.075435,0.426718,1.072202,0.420035,1.039526,0.342925
7.934222370,1.075459,0.426767,1.072226,0.420085,1.039542,0.342967
7.936189365,1.075483,0.426816,1.072250,0.420135,1.039557,0.343009
7.938156359,1.075507,0.426864,1.072274,0.420185,1.039573,0.343051
7.940123354,1.075531,0.426913,1.072297,0.420235,1.039589,0.343093
7.942090348,1.075554,0.426962,1.072321,0.420285,1.039604,0.343135
7.944057343,1.075578,0.427010,1.072345,0.420335,1.039620,0.343177
7.946024337,1.075602,0.427059,1.072369,0.420385,1.039635,0.343219
7.947991332,1.075626,0.427107,1.072393,0.420435,1.039651,0.343260
7.949958326,1.075650,0.427156,1.072417,0.420485,1.039666,0.343302
7.951925321,1.075673,0.427205,1.072441,0.420535,1.039682,0.343344
7.953892315,1.075697,0.427253,1.072465,0.420585,1.039697,0.343386
7.955859310,1.075721,0.427302,1.072489,0.420635,1.039713,0.343428
7.957826304,1.075745,0.427350,1.072513,0.420685,1.039729,0.343470
7.959793299,1.075769,0.427399,1.072537,0.420735,1.039744,0.343511
7.961760293,1.075792,0.427447,1.072561,0.420785,1.039760,0.343553
7.963727288,1.075816,0.427496,1.072585,0.420835,1.039775,0.343595
7.965694282,1.075840,0.427544,1.072609,0.420885,1.039791,0.343637
7.967661277,1.075864,0.427593,1.072633,0.420935,1.039806,0.343679
7.969628271,1.075888,0.427641,1.072657,0.420985,1.039822,0.343721
7.971595266,1.075911,0.427690,1.072681,0.421035,1.039837,0.343762
7.973562260,1.075935,0.427738,1.072705,0.421085,1.039853,0.343804
7.975529255,1.075959,0.427787,1.072729,0.421134,1.039869,0.343846
7.977496249,1.075983,0.427835,1.072753,0.421184,1.039884,0.343888
7.979463244,1.076006,0.427884,1.072777,0.421234,1.039900,0.343929
7.981430238,1.076030,0.427932,1.072801,0.421284,1.039915,0.343971
7.983397233,1.076054,0.427981,1.072825,0.421334,1.039931,0.344013
7.985364227,1.076078,0.428029,1.072849,0.421384,1.039946,0.344055
7.987331222,1.076102,0.428078,1.072873,0.421433,1.039962,0.344096
7.989298216,1.076125,0.428126,1.072897,0.421483,1.039977,0.344138
7.991265211,1.076149,0.428175,1.072920,0.421533,1.039993,0.344180
7.993232205,1.076173,0.428223,1.072944,0.421583,1.040009,0.344222
7.995199200,1.076197,0.428271,1.072968,0.421633,1.040024,0.344263
7.997166194,1.076220,0.428320,1.072992,0.421682,1.040040,0.344305
7.999133189,1.076244,0.428368,1.073016,0.421732,1.040055,0.344347
8.001100183,1.076268,0.428417,1.073040,0.421782,1.040071,0.344388
8.003067178,1.076292,0.428465,1.073064,0.421832,1.040086,0.344430
8.005034172,1.076316,0.428513,1.073088,0.421881,1.040102,0.344472
8.007001167,1.076339,0.428562,1.073112,0.421931,1.040117,0.344513
8.008968161,1.076363,0.428610,1.073136,0.421981,1.040133,0.344555
8.010935156,1.076387,0.428658,1.073160,0.422030,1.040149,0.344597
8.012902150,1.076411,0.428707,1.073184,0.422080,1.040164,0.344638
8.014869145,1.076434,0.428755,1.073208,0.422130,1.040180,0.344680
8.016836139,1.076458,0.428803,1.073232,0.422180,1.040195,0.344722
8.018803134,1.076482,0.428852,1.073256,0.422229,1.040211,0.344763
8.020770128,1.076506,0.428900,1.073280,0.422279,1.040226,0.344805
8.022737123,1.076530,0.428948,1.073304,0.422329,1.040242,0.344847
8.024704117,1.076553,0.428996,1.073328,0.422378,1.040257,0.344888
8.026671112,1.076577,0.429045,1.073352,0.422428,1.040273,0.344930
8.028638106,1.076601,0.429093,1.073376,0.422477,1.040288,0.344971
8.030605101,1.076625,0.429141,1.073399,0.422527,1.040304,0.345013
8.032572095,1.076648,0.429189,1.073423,0.422577,1.040320,0.345055
8.034539090,1.076672,0.429238,1.073447,0.422626,1.040335,0.345096
8.036506084,1.076696,0.429286,1.073471,0.422676,1.040351,0.345138
8.038473079,1.076720,0.429334,1.073495,0.422725,1.040366,0.345179
8.040440073,1.076743,0.429382,1.073519,0.422775,1.040382,0.345221
8.042407068,1.076767,0.429431,1.073543,0.422825,1.040397,0.345262
8.044374062,1.076791,0.429479,1.073567,0.422874,1.040413,0.345304
8.046341057,1.076815,0.429527,1.073591,0.422924,1.040428,0.345345
8.048308051,1.076839,0.429575,1.073615,0.422973,1.040444,0.345387
8.050275046,1.076862,0.429623,1.073639,0.423023,1.040459,0.345428
8.052242040,1.076886,0.429671,1.073663,0.423072,1.040475,0.345470
8.054209035,1.076910,0.429720,1.073687,0.423122,1.040491,0.345512
8.056176029,1.076934,0.429768,1.073711,0.423171,1.040506,0.345553
8.058143024,1.076957,0.429816,1.073735,0.423221,1.040522,0.345595
8.060110018,1.076981,0.429864,1.073759,0.423270,1.040537,0.345636
8.062077013,1.077005,0.429912,1.073783,0.423320,1.040553,0.345677
8.064044007,1.077029,0.429960,1.073806,0.423369,1.040568,0.345719
8.066011002,1.077052,0.430008,1.073830,0.423419,1.040584,0.345760
8.067977996,1.077076,0.430056,1.073854,0.423468,1.040599,0.345802
8.069944991,1.077100,0.430105,1.073878,0.423518,1.040615,0.345843
8.071911985,1.077124,0.430153,1.073902,0.423567,1.040630,0.345885
8.073878980,1.077147,0.430201,1.073926,0.423616,1.040646,0.345926
8.075845974,1.077171,0.430249,1.073950,0.423666,1.040662,0.345968
8.077812969,1.077195,0.430297,1.073974,0.423715,1.040677,0.346009
8.079779963,1.077219,0.430345,1.073998,0.423765,1.040693,0.346051
8.081746958,1.077242,0.430393,1.074022,0.423814,1.040708,0.346092
8.083713952,1.077266,0.430441,1.074046,0.423863,1.040724,0.346133
8.085680947,1.077290,0.430489,1.074070,0.423913,1.040739,0.346175
8.087647941,1.077314,0.430537,1.074094,0.423962,1.040755,0.346216
8.089614936,1.077338,0.430585,1.074118,0.424012,1.040770,0.346258
8.091581930,1.077361,0.430633,1.074142,0.424061,1.040786,0.346299
8.093548925,1.077385,0.430681,1.074165,0.424110,1.040801,0.346340
8.095515919,1.077409,0.430729,1.074189,0.424160,1.040817,0.346382
8.097482914,1.077433,0.430777,1.074213,0.424209,1.040832,0.346423
8.099449908,1.077456,0.430825,1.074237,0.424258,1.040848,0.346464
8.101416903,1.077480,0.430873,1.074261,0.424308,1.040864,0.346506
8.103383897,1.077504,0.430921,1.074285,0.424357,1.040879,0.346547
8.105350892,1.077528,0.430969,1.074309,0.424406,1.040895,0.346588
8.107317886,1.077551,0.431017,1.074333,0.424455,1.040910,0.346630
8.109284881,1.077575,0.431065,1.074357,0.424505,1.040926,0.346671
8.111251875,1.077599,0.431113,1.074381,0.424554,1.040941,0.346712
8.113218870,1.077623,0.431160,1.074405,0.424603,1.040957,0.346754
8.115185864,1.077646,0.431208,1.074429,0.424652,1.040972,0.346795
8.117152859,1.077670,0.431256,1.074453,0.424702,1.040988,0.346836
8.119119853,1.077694,0.431304,1.074476,0.424751,1.041003,0.346878
8.121086848,1.077717,0.431352,1.074500,0.424800,1.041019,0.346919
8.123053842,1.077741,0.431400,1.074524,0.424849,1.041035,0.346960
8.125020837,1.077765,0.431448,1.074548,0.424899,1.041050,0.347001
8.126987831,1.077789,0.431496,1.074572,0.424948,1.041066,0.347043
8.128954826,1.077812,0.431543,1.074596,0.424997,1.041081,0.347084
8.130921820,1.077836,0.431591,1.074620,0.425046,1.041097,0.347125
8.132888815,1.077860,0.431639,1.074644,0.425095,1.041112,0.347166
8.134855809,1.077884,0.431687,1.074668,0.425144,1.041128,0.347208
8.136822804,1.077907,0.431735,1.074692,0.425194,1.041143,0.347249
8.138789798,1.077931,0.431782,1.074716,0.425243,1.041159,0.347290
8.140756793,1.077955,0.431830,1.074740,0.425292,1.041174,0.347331
8.142723787,1.077979,0.431878,1.074763,0.425341,1.041190,0.347373
8.144690782,1.078002,0.431926,1.074787,0.425390,1.041205,0.347414
8.146657776,1.078026,0.431974,1.074811,0.425439,1.041221,0.347455
8.148624771,1.078050,0.432021,1.074835,0.425488,1.041236,0.347496
8.150591765,1.078074,0.432069,1.074859,0.425537,1.041252,0.347537
8.152558760,1.078097,0.432117,1.074883,0.425586,1.041268,0.347579
8.154525754,1.078121,0.432165,1.074907,0.425636,1.041283,0.347620
8.156492749,1.078145,0.432212,1.074931,0.425685,1.041299,0.347661
8.158459743,1.078169,0.432260,1.074955,0.425734,1.041314,0.347702
8.160426738,1.078192,0.432308,1.074979,0.425783,1.041330,0.347743
8.162393732,1.078216,0.432355,1.075003,0.425832,1.041345,0.347784
8.164360727,1.078240,0.432403,1.075026,0.425881,1.041361,0.347826
8.166327721,1.078264,0.432451,1.075050,0.425930,1.041376,0.347867
8.168294716,1.078287,0.432499,1.075074,0.425979,1.041392,0.347908
8.170261710,1.078311,0.432546,1.075098,0.426028,1.041407,0.347949
8.172228705,1.078335,0.432594,1.075122,0.426077,1.041423,0.347990
8.174195699,1.078358,0.432642,1.075146,0.426126,1.041438,0.348031
8.176162694,1.078382,0.432689,1.075170,0.426175,1.041454,0.348072
8.178129688,1.078406,0.432737,1.075194,0.426224,1.041469,0.348113
8.180096683,1.078430,0.432784,1.075218,0.426273,1.041485,0.348154
8.182063677,1.078453,0.432832,1.075242,0.426322,1.041501,0.348196
8.184030672,1.078477,0.432880,1.075266,0.426371,1.041516,0.348237
8.185997666,1.078501,0.432927,1.075289,0.426419,1.041532,0.348278
8.187964661,1.078525,0.432975,1.075313,0.426468,1.041547,0.348319
8.189931655,1.078548,0.433023,1.075337,0.426517,1.041563,0.348360
8.191898650,1.078572,0.433070,1.075361,0.426566,1.041578,0.348401
8.193865644,1.078596,0.433118,1.075385,0.426615,1.041594,0.348442
8.195832639,1.078619,0.433165,1.075409,0.426664,1.041609,0.348483
8.197799633,1.078643,0.433213,1.075433,0.426713,1.041625,0.348524
8.199766628,1.078667,0.433260,1.075457,0.426762,1.041640,0.348565
8.201733622,1.078691,0.433308,1.075481,0.426811,1.041656,0.348606
8.203700617,1.078714,0.433355,1.075505,0.426860,1.041671,0.348647
8.205667611,1.078738,0.433403,1.075528,0.426908,1.041687,0.348688
8.207634606,1.078762,0.433450,1.075552,0.426957,1.041702,0.348729
8.209601600,1.078786,0.433498,1.075576,0.427006,1.041718,0.348770
8.211568595,1.078809,0.433545,1.075600,0.427055,1.041733,0.348811
8.213535589,1.078833,0.433593,1.075624,0.427104,1.041749,0.348852
8.215502584,1.078857,0.433640,1.075648,0.427152,1.041764,0.348893
8.217469578,1.078880,0.433688,1.075672,0.427201,1.041780,0.348934
8.219436573,1.078904,0.433735,1.075696,0.427250,1.041796,0.348975
8.221403567,1.078928,0.433783,1.075720,0.427299,1.041811,0.349016
8.223370562,1.078952,0.433830,1.075744,0.427348,1.041827,0.349057
8.225337556,1.078975,0.433878,1.075767,0.427396,1.041842,0.349098
8.227304551,1.078999,0.433925,1.075791,0.427445,1.041858,0.349139
8.229271545,1.079023,0.433973,1.075815,0.427494,1.041873,0.349180
8.231238540,1.079046,0.434020,1.075839,0.427543,1.041889,0.349220
8.233205534,1.079070,0.434068,1.075863,0.427591,1.041904,0.349261
8.235172529,1.079094,0.434115,1.075887,0.427640,1.041920,0.349302
8.237139523,1.079118,0.434162,1.075911,0.427689,1.041935,0.349343
8.239106518,1.079141,0.434210,1.075935,0.427738,1.041951,0.349384
8.241073512,1.079165,0.434257,1.075959,0.427786,1.041966,0.349425
8.243040507,1.079189,0.434304,1.075982,0.427835,1.041982,0.349466
8.245007501,1.079212,0.434352,1.076006,0.427884,1.041997,0.349507
8.246974496,1.079236,0.434399,1.076030,0.427932,1.042013,0.349548
8.248941490,1.079260,0.434447,1.076054,0.427981,1.042028,0.349588
8.250908485,1.079284,0.434494,1.076078,0.428030,1.042044,0.349629
8.252875479,1.079307,0.434541,1.076102,0.428078,1.042059,0.349670
8.254842474,1.079331,0.434589,1.076126,0.428127,1.042075,0.349711
8.256809468,1.079355,0.434636,1.076150,0.428175,1.042090,0.349752
8.258776463,1.079378,0.434683,1.076173,0.428224,1.042106,0.349793
8.260743457,1.079402,0.434731,1.076197,0.428273,1.042122,0.349834
8.262710452,1.079426,0.434778,1.076221,0.428321,1.042137,0.349874
8.264677446,1.079450,0.434825,1.076245,0.428370,1.042153,0.349915
8.266644441,1.079473,0.434872,1.076269,0.428419,1.042168,0.349956
8.268611435,1.079497,0.434920,1.076293,0.428467,1.042184,0.349997
8.270578430,1.079521,0.434967,1.076317,0.428516,1.042199,0.350038
8.272545424,1.079544,0.435014,1.076341,0.428564,1.042215,0.350078
8.274512419,1.079568,0.435061,1.076365,0.428613,1.042230,0.350119
8.276479413,1.079592,0.435109,1.076388,0.428661,1.042246,0.350160
8.278446408,1.079615,0.435156,1.076412,0.428710,1.042261,0.350201
8.280413402,1.079639,0.435203,1.076436,0.428758,1.042277,0.350241
8.282380397,1.079663,0.435250,1.076460,0.428807,1.042292,0.350282
8.284347391,1.079687,0.435298,1.076484,0.428855,1.042308,0.350323
8.286314386,1.079710,0.435345,1.076508,0.428904,1.042323,0.350364
8.288281380,1.079734,0.435392,1.076532,0.428952,1.042339,0.350404
8.290248375,1.079758,0.435439,1.076556,0.429001,1.042354,0.350445
8.292215369,1.079781,0.435486,1.076579,0.429049,1.042370,0.350486
8.294182364,1.079805,0.435533,1.076603,0.429098,1.042385,0.350527
8.296149358,1.079829,0.435581,1.076627,0.429146,1.042401,0.350567
8.298116353,1.079852,0.435628,1.076651,0.429195,1.042416,0.350608
8.300083347,1.079876,0.435675,1.076675,0.429243,1.042432,0.350649
8.302050342,1.079900,0.435722,1.076699,0.429292,1.042447,0.350689
8.304017336,1.079924,0.435769,1.076723,0.429340,1.042463,0.350730
8.305984331,1.079947,0.435816,1.076747,0.429389,1.042478,0.350771
8.307951325,1.079971,0.435863,1.076770,0.429437,1.042494,0.350811
8.309918320,1.079995,0.435911,1.076794,0.429485,1.042509,0.350852
8.311885314,1.080018,0.435958,1.076818,0.429534,1.042525,0.350893
8.313852309,1.080042,0.436005,1.076842,0.429582,1.042541,0.350933
8.315819303,1.080066,0.436052,1.076866,0.429630,1.042556,0.350974
8.317786298,1.080089,0.436099,1.076890,0.429679,1.042572,0.351015
8.319753292,1.080113,0.436146,1.076914,0.429727,1.042587,0.351055
8.321720287,1.080137,0.436193,1.076937,0.429776,1.042603,0.351096
8.323687281,1.080161,0.436240,1.076961,0.429824,1.042618,0.351137
8.325654276,1.080184,0.436287,1.076985,0.429872,1.042634,0.351177
8.327621270,1.080208,0.436334,1.077009,0.429921,1.042649,0.351218
8.329588265,1.080232,0.436381,1.077033,0.429969,1.042665,0.351258
8.331555259,1.080255,0.436428,1.077057,0.430017,1.042680,0.351299
8.333522254,1.080279,0.436475,1.077081,0.430066,1.042696,0.351340
8.335489248,1.080303,0.436522,1.077105,0.430114,1.042711,0.351380
8.337456243,1.080326,0.436569,1.077128,0.430162,1.042727,0.351421
8.339423237,1.080350,0.436616,1.077152,0.430210,1.042742,0.351461
8.341390232,1.080374,0.436663,1.077176,0.430259,1.042758,0.351502
8.343357226,1.080397,0.436710,1.077200,0.430307,1.042773,0.351542
8.345324221,1.080421,0.436757,1.077224,0.430355,1.042789,0.351583
8.347291215,1.080445,0.436804,1.077248,0.430403,1.042804,0.351624
8.349258210,1.080468,0.436851,1.077272,0.430452,1.042820,0.351664
8.351225204,1.080492,0.436898,1.077295,0.430500,1.042835,0.351705
8.353192199,1.080516,0.436945,1.077319,0.430548,1.042851,0.351745
8.355159193,1.080540,0.436992,1.077343,0.430596,1.042866,0.351786
8.357126188,1.080563,0.437039,1.077367,0.430645,1.042882,0.351826
8.359093182,1.080587,0.437086,1.077391,0.430693,1.042897,0.351867
8.361060177,1.080611,0.437133,1.077415,0.430741,1.042913,0.351907
8.363027171,1.080634,0.437179,1.077439,0.430789,1.042928,0.351948
8.364994166,1.080658,0.437226,1.077462,0.430837,1.042944,0.351988
8.366961160,1.080682,0.437273,1.077486,0.430885,1.042959,0.352029
8.368928155,1.080705,0.437320,1.077510,0.430934,1.042975,0.352069
8.370895149,1.080729,0.437367,1.077534,0.430982,1.042990,0.352110
8.372862144,1.080753,0.437414,1.077558,0.431030,1.043006,0.352150
8.374829138,1.080776,0.437461,1.077582,0.431078,1.043021,0.352191
8.376796133,1.080800,0.437508,1.077605,0.431126,1.043037,0.352231
8.378763127,1.080824,0.437554,1.077629,0.431174,1.043052,0.352271
8.380730122,1.080847,0.437601,1.077653,0.431222,1.043068,0.352312
8.382697116,1.080871,0.437648,1.077677,0.431270,1.043083,0.352352
8.384664111,1.080895,0.437695,1.077701,0.431318,1.043099,0.352393
8.386631105,1.080918,0.437742,1.077725,0.431367,1.043114,0.352433
8.388598100,1.080942,0.437788,1.077749,0.431415,1.043130,0.352474
8.390565094,1.080966,0.437835,1.077772,0.431463,1.043145,0.352514
8.392532089,1.080989,0.437882,1.077796,0.431511,1.043161,0.352554
8.394499083,1.081013,0.437929,1.077820,0.431559,1.043176,0.352595
8.396466078,1.081037,0.437976,1.077844,0.431607,1.043192,0.352635
8.398433072,1.081060,0.438022,1.077868,0.431655,1.043207,0.352676
8.400400067,1.081084,0.438069,1.077892,0.431703,1.043223,0.352716
8.402367061,1.081108,0.438116,1.077916,0.431751,1.043238,0.352756
8.404334056,1.081131,0.438163,1.077939,0.431799,1.043254,0.352797
8.406301050,1.081155,0.438209,1.077963,0.431847,1.043269,0.352837
8.408268045,1.081179,0.438256,1.077987,0.431895,1.043285,0.352877
8.410235039,1.081202,0.438303,1.078011,0.431943,1.043300,0.352918
8.412202034,1.081226,0.438349,1.078035,0.431991,1.043316,0.352958
8.414169028,1.081250,0.438396,1.078059,0.432039,1.043331,0.352998
8.416136023,1.081273,0.438443,1.078082,0.432087,1.043347,0.353039
8.418103017,1.081297,0.438489,1.078106,0.432135,1.043362,0.353079
8.420070012,1.081321,0.438536,1.078130,0.432183,1.043378,0.353119
8.422037006,1.081344,0.438583,1.078154,0.432231,1.043393,0.353160
8.424004001,1.081368,0.438629,1.078178,0.432279,1.043409,0.353200
8.425970995,1.081392,0.438676,1.078202,0.432326,1.043424,0.353240
8.427937990,1.081415,0.438723,1.078225,0.432374,1.043440,0.353281
8.429904984,1.081439,0.438769,1.078249,0.432422,1.043455,0.353321
8.431871979,1.081463,0.438816,1.078273,0.432470,1.043471,0.353361
8.433838973,1.081486,0.438863,1.078297,0.432518,1.043486,0.353401
8.435805968,1.081510,0.438909,1.078321,0.432566,1.043502,0.353442
8.437772962,1.081534,0.438956,1.078345,0.432614,1.043517,0.353482
8.439739957,1.081557,0.439002,1.078368,0.432662,1.043533,0.353522
8.441706951,1.081581,0.439049,1.078392,0.432710,1.043548,0.353562
8.443673946,1.081605,0.439096,1.078416,0.432757,1.043564,0.353603
8.445640940,1.081628,0.439142,1.078440,0.432805,1.043579,0.353643
8.447607935,1.081652,0.439189,1.078464,0.432853,1.043595,0.353683
8.449574929,1.081676,0.439235,1.078488,0.432901,1.043610,0.353723
8.451541924,1.081699,0.439282,1.078511,0.432949,1.043626,0.353764
8.453508918,1.081723,0.439328,1.078535,0.432996,1.043641,0.353804
8.455475913,1.081747,0.439375,1.078559,0.433044,1.043657,0.353844
8.457442907,1.081770,0.439421,1.078583,0.433092,1.043672,0.353884
8.459409902,1.081794,0.439468,1.078607,0.433140,1.043688,0.353924
8.461376896,1.081818,0.439514,1.078631,0.433188,1.043703,0.353965
8.463343891,1.081841,0.439561,1.078654,0.433235,1.043719,0.354005
8.465310885,1.081865,0.439607,1.078678,0.433283,1.043734,0.354045
8.467277880,1.081889,0.439654,1.078702,0.433331,1.043750,0.354085
8.469244874,1.081912,0.439700,1.078726,0.433379,1.043765,0.354125
8.471211869,1.081936,0.439747,1.078750,0.433426,1.043781,0.354165
8.473178863,1.081960,0.439793,1.078774,0.433474,1.043796,0.354206
8.475145858,1.081983,0.439840,1.078797,0.433522,1.043812,0.354246
8.477112852,1.082007,0.439886,1.078821,0.433569,1.043827,0.354286
8.479079847,1.082031,0.439933,1.078845,0.433617,1.043843,0.354326
8.481046841,1.082054,0.439979,1.078869,0.433665,1.043858,0.354366
8.483013836,1.082078,0.440026,1.078893,0.433713,1.043874,0.354406
8.484980830,1.082102,0.440072,1.078917,0.433760,1.043889,0.354446
8.486947825,1.082125,0.440118,1.078940,0.433808,1.043905,0.354486
8.488914819,1.082149,0.440165,1.078964,0.433856,1.043920,0.354527
8.490881814,1.082172,0.440211,1.078988,0.433903,1.043936,0.354567
8.492848808,1.082196,0.440258,1.079012,0.433951,1.043951,0.354607
8.494815803,1.082220,0.440304,1.079036,0.433998,1.043967,0.354647
8.496782797,1.082243,0.440350,1.079059,0.434046,1.043982,0.354687
8.498749792,1.082267,0.440397,1.079083,0.434094,1.043998,0.354727
8.500716786,1.082291,0.440443,1.079107,0.434141,1.044013,0.354767
8.502683781,1.082314,0.440489,1.079131,0.434189,1.044029,0.354807
8.504650775,1.082338,0.440536,1.079155,0.434237,1.044044,0.354847
8.506617770,1.082362,0.440582,1.079179,0.434284,1.044060,0.354887
8.508584764,1.082385,0.440628,1.079202,0.434332,1.044075,0.354927
8.510551759,1.082409,0.440675,1.079226,0.434379,1.044091,0.354967
8.512518753,1.082433,0.440721,1.079250,0.434427,1.044106,0.355007
8.514485748,1.082456,0.440767,1.079274,0.434474,1.044122,0.355047
8.516452742,1.082480,0.440814,1.079298,0.434522,1.044137,0.355087
8.518419737,1.082503,0.440860,1.079321,0.434569,1.044153,0.355127
8.520386731,1.082527,0.440906,1.079345,0.434617,1.044168,0.355167
8.522353726,1.082551,0.440952,1.079369,0.434664,1.044184,0.355207
8.524320720,1.082574,0.440999,1.079393,0.434712,1.044199,0.355247
8.526287715,1.082598,0.441045,1.079417,0.434759,1.044215,0.355287
8.528254709,1.082622,0.441091,1.079440,0.434807,1.044230,0.355327
8.530221704,1.082645,0.441137,1.079464,0.434854,1.044246,0.355367
8.532188698,1.082669,0.441184,1.079488,0.434902,1.044261,0.355407
8.534155693,1.082693,0.441230,1.079512,0.434949,1.044277,0.355447
8.536122687,1.082716,0.441276,1.079536,0.434997,1.044292,0.355487
8.538089682,1.082740,0.441322,1.079560,0.435044,1.044308,0.355527
8.540056676,1.082764,0.441369,1.079583,0.435092,1.044323,0.355567
8.542023671,1.082787,0.441415,1.079607,0.435139,1.044339,0.355607
8.543990665,1.082811,0.441461,1.079631,0.435187,1.044354,0.355647
8.545957660,1.082834,0.441507,1.079655,0.435234,1.044370,0.355687
8.547924654,1.082858,0.441553,1.079679,0.435282,1.044385,0.355727
8.549891649,1.082882,0.441599,1.079702,0.435329,1.044401,0.355767
8.551858643,1.082905,0.441646,1.079726,0.435376,1.044416,0.355806
8.553825638,1.082929,0.441692,1.079750,0.435424,1.044432,0.355846
8.555792632,1.082953,0.441738,1.079774,0.435471,1.044447,0.355886
8.557759627,1.082976,0.441784,1.079798,0.435518,1.044463,0.355926
8.559726621,1.083000,0.441830,1.079821,0.435566,1.044478,0.355966
8.561693616,1.083023,0.441876,1.079845,0.435613,1.044494,0.356006
8.563660610,1.083047,0.441922,1.079869,0.435661,1.044509,0.356046
8.565627605,1.083071,0.441969,1.079893,0.435708,1.044525,0.356086
8.567594599,1.083094,0.442015,1.079917,0.435755,1.044540,0.356126
8.569561594,1.083118,0.442061,1.079940,0.435803,1.044555,0.356165
8.571528588,1.083142,0.442107,1.079964,0.435850,1.044571,0.356205
8.573495583,1.083165,0.442153,1.079988,0.435897,1.044586,0.356245
8.575462577,1.083189,0.442199,1.080012,0.435945,1.044602,0.356285
8.577429572,1.083212,0.442245,1.080036,0.435992,1.044617,0.356325
8.579396566,1.083236,0.442291,1.080059,0.436039,1.044633,0.356365
8.581363561,1.083260,0.442337,1.080083,0.436086,1.044648,0.356404
8.583330555,1.083283,0.442383,1.080107,0.436134,1.044664,0.356444
8.585297550,1.083307,0.442429,1.080131,0.436181,1.044679,0.356484
8.587264544,1.083331,0.442475,1.080155,0.436228,1.044695,0.356524
8.589231539,1.083354,0.442521,1.080178,0.436275,1.044710,0.356564
8.591198533,1.083378,0.442567,1.080202,0.436323,1.044726,0.356603
8.593165528,1.083401,0.442613,1.080226,0.436370,1.044741,0.356643
8.595132522,1.083425,0.442659,1.080250,0.436417,1.044757,0.356683
8.597099517,1.083449,0.442705,1.080274,0.436464,1.044772,0.356723
8.599066511,1.083472,0.442751,1.080297,0.436512,1.044788,0.356762
8.601033506,1.083496,0.442797,1.080321,0.436559,1.044803,0.356802
8.603000500,1.083520,0.442843,1.080345,0.436606,1.044819,0.356842
8.604967495,1.083543,0.442889,1.080369,0.436653,1.044834,0.356882
8.606934489,1.083567,0.442935,1.080392,0.436700,1.044850,0.356921
8.608901484,1.083590,0.442981,1.080416,0.436748,1.044865,0.356961
8.610868478,1.083614,0.443027,1.080440,0.436795,1.044881,0.357001
8.612835473,1.083638,0.443073,1.080464,0.436842,1.044896,0.357041
8.614802467,1.083661,0.443119,1.080488,0.436889,1.044912,0.357080
8.616769462,1.083685,0.443165,1.080511,0.436936,1.044927,0.357120
8.618736456,1.083709,0.443211,1.080535,0.436983,1.044943,0.357160
8.620703451,1.083732,0.443257,1.080559,0.437030,1.044958,0.357199
8.622670445,1.083756,0.443302,1.080583,0.437077,1.044973,0.357239
8.624637440,1.083779,0.443348,1.080607,0.437125,1.044989,0.357279
8.626604434,1.083803,0.443394,1.080630,0.437172,1.045004,0.357318
8.628571429,1.083827,0.443440,1.080654,0.437219,1.045020,0.357358
8.630538423,1.083850,0.443486,1.080678,0.437266,1.045035,0.357398
8.632505418,1.083874,0.443532,1.080702,0.437313,1.045051,0.357437
8.634472412,1.083897,0.443578,1.080725,0.437360,1.045066,0.357477
8.636439407,1.083921,0.443623,1.080749,0.437407,1.045082,0.357517
8.638406401,1.083945,0.443669,1.080773,0.437454,1.045097,0.357556
8.640373396,1.083968,0.443715,1.080797,0.437501,1.045113,0.357596
8.642340390,1.083992,0.443761,1.080821,0.437548,1.045128,0.357636
8.644307385,1.084015,0.443807,1.080844,0.437595,1.045144,0.357675
8.646274379,1.084039,0.443853,1.080868,0.437642,1.045159,0.357715
8.648241374,1.084063,0.443898,1.080892,0.437689,1.045175,0.357754
8.650208368,1.084086,0.443944,1.080916,0.437736,1.045190,0.357794
8.652175363,1.084110,0.443990,1.080939,0.437783,1.045206,0.357834
8.654142357,1.084133,0.444036,1.080963,0.437830,1.045221,0.357873
8.656109352,1.084157,0.444081,1.080987,0.437877,1.045237,0.357913
8.658076346,1.084181,0.444127,1.081011,0.437924,1.045252,0.357952
8.660043341,1.084204,0.444173,1.081035,0.437971,1.045268,0.357992
8.662010335,1.084228,0.444219,1.081058,0.438018,1.045283,0.358032
8.663977330,1.084251,0.444264,1.081082,0.438065,1.045298,0.358071
8.665944324,1.084275,0.444310,1.081106,0.438112,1.045314,0.358111
8.667911319,1.084299,0.444356,1.081130,0.438159,1.045329,0.358150
8.669878313,1.084322,0.444402,1.081153,0.438206,1.045345,0.358190
8.671845308,1.084346,0.444447,1.081177,0.438253,1.045360,0.358229
8.673812302,1.084370,0.444493,1.081201,0.438300,1.045376,0.358269
8.675779297,1.084393,0.444539,1.081225,0.438347,1.045391,0.358308
8.677746291,1.084417,0.444584,1.081249,0.438394,1.045407,0.358348
8.679713286,1.084440,0.444630,1.081272,0.438440,1.045422,0.358387
8.681680280,1.084464,0.444676,1.081296,0.438487,1.045438,0.358427
8.683647275,1.084487,0.444721,1.081320,0.438534,1.045453,0.358466
8.685614269,1.084511,0.444767,1.081344,0.438581,1.045469,0.358506
8.687581264,1.084535,0.444813,1.081367,0.438628,1.045484,0.358545
8.689548258,1.084558,0.444858,1.081391,0.438675,1.045500,0.358585
8.691515253,1.084582,0.444904,1.081415,0.438722,1.045515,0.358624
8.693482247,1.084605,0.444950,1.081439,0.438768,1.045531,0.358664
8.695449242,1.084629,0.444995,1.081462,0.438815,1.045546,0.358703
8.697416236,1.084653,0.445041,1.081486,0.438862,1.045562,0.358743
8.699383231,1.084676,0.445086,1.081510,0.438909,1.045577,0.358782
8.701350225,1.084700,0.445132,1.081534,0.438956,1.045592,0.358822
8.703317220,1.084723,0.445178,1.081558,0.439003,1.045608,0.358861
8.705284214,1.084747,0.445223,1.081581,0.439049,1.045623,0.358901
8.707251209,1.084771,0.445269,1.081605,0.439096,1.045639,0.358940
8.709218203,1.084794,0.445314,1.081629,0.439143,1.045654,0.358979
8.711185198,1.084818,0.445360,1.081653,0.439190,1.045670,0.359019
8.713152192,1.084841,0.445405,1.081676,0.439236,1.045685,0.359058
8.715119187,1.084865,0.445451,1.081700,0.439283,1.045701,0.359098
8.717086181,1.084889,0.445497,1.081724,0.439330,1.045716,0.359137
8.719053176,1.084912,0.445542,1.081748,0.439377,1.045732,0.359176
8.721020170,1.084936,0.445588,1.081771,0.439423,1.045747,0.359216
8.722987165,1.084959,0.445633,1.081795,0.439470,1.045763,0.359255
8.724954159,1.084983,0.445679,1.081819,0.439517,1.045778,0.359295
8.726921154,1.085007,0.445724,1.081843,0.439563,1.045794,0.359334
8.728888148,1.085030,0.445770,1.081866,0.439610,1.045809,0.359373
8.730855143,1.085054,0.445815,1.081890,0.439657,1.045824,0.359413
8.732822137,1.085077,0.445861,1.081914,0.439704,1.045840,0.359452
8.734789132,1.085101,0.445906,1.081938,0.439750,1.045855,0.359491
8.736756126,1.085124,0.445952,1.081961,0.439797,1.045871,0.359531
8.738723121,1.085148,0.445997,1.081985,0.439844,1.045886,0.359570
8.740690115,1.085172,0.446042,1.082009,0.439890,1.045902,0.359609
8.742657110,1.085195,0.446088,1.082033,0.439937,1.045917,0.359649
8.744624104,1.085219,0.446133,1.082056,0.439983,1.045933,0.359688
8.746591099,1.085242,0.446179,1.082080,0.440030,1.045948,0.359727
8.748558093,1.085266,0.446224,1.082104,0.440077,1.045964,0.359767
8.750525088,1.085290,0.446270,1.082128,0.440123,1.045979,0.359806
8.752492082,1.085313,0.446315,1.082151,0.440170,1.045995,0.359845
8.754459077,1.085337,0.446360,1.082175,0.440217,1.046010,0.359885
8.756426071,1.085360,0.446406,1.082199,0.440263,1.046026,0.359924
8.758393066,1.085384,0.446451,1.082223,0.440310,1.046041,0.359963
8.760360060,1.085407,0.446497,1.082246,0.440356,1.046056,0.360002
8.762327055,1.085431,0.446542,1.082270,0.440403,1.046072,0.360042
8.764294049,1.085455,0.446587,1.082294,0.440449,1.046087,0.360081
8.766261044,1.085478,0.446633,1.082318,0.440496,1.046103,0.360120
8.768228038,1.085502,0.446678,1.082341,0.440542,1.046118,0.360159
8.770195033,1.085525,0.446723,1.082365,0.440589,1.046134,0.360199
8.772162027,1.085549,0.446769,1.082389,0.440636,1.046149,0.360238
8.774129022,1.085572,0.446814,1.082413,0.440682,1.046165,0.360277
8.776096016,1.085596,0.446859,1.082436,0.440729,1.046180,0.360316
8.778063011,1.085620,0.446905,1.082460,0.440775,1.046196,0.360356
8.780030005,1.085643,0.446950,1.082484,0.440822,1.046211,0.360395
8.781996999,1.085667,0.446995,1.082508,0.440868,1.046227,0.360434
8.783963994,1.085690,0.447040,1.082531,0.440915,1.046242,0.360473
8.785930988,1.085714,0.447086,1.082555,0.440961,1.046257,0.360512
8.787897983,1.085737,0.447131,1.082579,0.441007,1.046273,0.360552
8.789864977,1.085761,0.447176,1.082603,0.441054,1.046288,0.360591
8.791831972,1.085785,0.447222,1.082626,0.441100,1.046304,0.360630
8.793798966,1.085808,0.447267,1.082650,0.441147,1.046319,0.360669
8.795765961,1.085832,0.447312,1.082674,0.441193,1.046335,0.360708
8.797732955,1.085855,0.447357,1.082698,0.441240,1.046350,0.360748
8.799699950,1.085879,0.447403,1.082721,0.441286,1.046366,0.360787
8.801666944,1.085902,0.447448,1.082745,0.441333,1.046381,0.360826
8.803633939,1.085926,0.447493,1.082769,0.441379,1.046397,0.360865
8.805600933,1.085950,0.447538,1.082793,0.441425,1.046412,0.360904
8.807567928,1.085973,0.447583,1.082816,0.441472,1.046427,0.360943
8.809534922,1.085997,0.447629,1.082840,0.441518,1.046443,0.360982
8.811501917,1.086020,0.447674,1.082864,0.441564,1.046458,0.361021
8.813468911,1.086044,0.447719,1.082887,0.441611,1.046474,0.361061
8.815435906,1.086067,0.447764,1.082911,0.441657,1.046489,0.361100
8.817402900,1.086091,0.447809,1.082935,0.441704,1.046505,0.361139
8.819369895,1.086114,0.447854,1.082959,0.441750,1.046520,0.361178
8.821336889,1.086138,0.447900,1.082982,0.441796,1.046536,0.361217
8.823303884,1.086162,0.447945,1.083006,0.441843,1.046551,0.361256
8.825270878,1.086185,0.447990,1.083030,0.441889,1.046567,0.361295
8.827237873,1.086209,0.448035,1.083054,0.441935,1.046582,0.361334
8.829204867,1.086232,0.448080,1.083077,0.441981,1.046597,0.361373
8.831171862,1.086256,0.448125,1.083101,0.442028,1.046613,0.361412
8.833138856,1.086279,0.448170,1.083125,0.442074,1.046628,0.361451
8.835105851,1.086303,0.448215,1.083149,0.442120,1.046644,0.361491
8.837072845,1.086327,0.448261,1.083172,0.442167,1.046659,0.361530
8.839039840,1.086350,0.448306,1.083196,0.442213,1.046675,0.361569
8.841006834,1.086374,0.448351,1.083220,0.442259,1.046690,0.361608
8.842973829,1.086397,0.448396,1.083243,0.442305,1.046706,0.361647
8.844940823,1.086421,0.448441,1.083267,0.442352,1.046721,0.361686
8.846907818,1.086444,0.448486,1.083291,0.442398,1.046737,0.361725
8.848874812,1.086468,0.448531,1.083315,0.442444,1.046752,0.361764
8.850841807,1.086491,0.448576,1.083338,0.442490,1.046767,0.361803
8.852808801,1.086515,0.448621,1.083362,0.442537,1.046783,0.361842
8.854775796,1.086539,0.448666,1.083386,0.442583,1.046798,0.361881
8.856742790,1.086562,0.448711,1.083410,0.442629,1.046814,0.361920
8.858709785,1.086586,0.448756,1.083433,0.442675,1.046829,0.361959
8.860676779,1.086609,0.448801,1.083457,0.442721,1.046845,0.361998
8.862643774,1.086633,0.448846,1.083481,0.442768,1.046860,0.362037
8.864610768,1.086656,0.448891,1.083504,0.442814,1.046876,0.362076
8.866577763,1.086680,0.448936,1.083528,0.442860,1.046891,0.362115
8.868544757,1.086703,0.448981,1.083552,0.442906,1.046907,0.362154
8.870511752,1.086727,0.449026,1.083576,0.442952,1.046922,0.362192
8.872478746,1.086750,0.449071,1.083599,0.442998,1.046937,0.362231
8.874445741,1.086774,0.449116,1.083623,0.443044,1.046953,0.362270
8.876412735,1.086798,0.449161,1.083647,0.443091,1.046968,0.362309
8.878379730,1.086821,0.449206,1.083670,0.443137,1.046984,0.362348
8.880346724,1.086845,0.449251,1.083694,0.443183,1.046999,0.362387
8.882313719,1.086868,0.449296,1.083718,0.443229,1.047015,0.362426
8.884280713,1.086892,0.449341,1.083742,0.443275,1.047030,0.362465
8.886247708,1.086915,0.449386,1.083765,0.443321,1.047046,0.362504
8.888214702,1.086939,0.449431,1.083789,0.443367,1.047061,0.362543
8.890181697,1.086962,0.449475,1.083813,0.443413,1.047076,0.362582
8.892148691,1.086986,0.449520,1.083836,0.443459,1.047092,0.362621
8.894115686,1.087009,0.449565,1.083860,0.443505,1.047107,0.362659
8.896082680,1.087033,0.449610,1.083884,0.443551,1.047123,0.362698
8.898049675,1.087057,0.449655,1.083908,0.443597,1.047138,0.362737
8.900016669,1.087080,0.449700,1.083931,0.443643,1.047154,0.362776
8.901983664,1.087104,0.449745,1.083955,0.443690,1.047169,0.362815
8.903950658,1.087127,0.449790,1.083979,0.443736,1.047185,0.362854
8.905917653,1.087151,0.449834,1.084002,0.443782,1.047200,0.362893
8.907884647,1.087174,0.449879,1.084026,0.443828,1.047215,0.362931
8.909851642,1.087198,0.449924,1.084050,0.443874,1.047231,0.362970
8.911818636,1.087221,0.449969,1.084074,0.443920,1.047246,0.363009
8.913785631,1.087245,0.450014,1.084097,0.443966,1.047262,0.363048
8.915752625,1.087268,0.450059,1.084121,0.444011,1.047277,0.363087
8.917719620,1.087292,0.450103,1.084145,0.444057,1.047293,0.363126
8.919686614,1.087316,0.450148,1.084168,0.444103,1.047308,0.363164
8.921653609,1.087339,0.450193,1.084192,0.444149,1.047324,0.363203
8.923620603,1.087363,0.450238,1.084216,0.444195,1.047339,0.363242
8.925587598,1.087386,0.450283,1.084240,0.444241,1.047354,0.363281
8.927554592,1.087410,0.450327,1.084263,0.444287,1.047370,0.363320
8.929521587,1.087433,0.450372,1.084287,0.444333,1.047385,0.363358
8.931488581,1.087457,0.450417,1.084311,0.444379,1.047401,0.363397
8.933455576,1.087480,0.450462,1.084334,0.444425,1.047416,0.363436
8.935422570,1.087504,0.450506,1.084358,0.444471,1.047432,0.363475
8.937389565,1.087527,0.450551,1.084382,0.444517,1.047447,0.363513
8.939356559,1.087551,0.450596,1.084405,0.444563,1.047463,0.363552
8.941323554,1.087574,0.450640,1.084429,0.444608,1.047478,0.363591
8.943290548,1.087598,0.450685,1.084453,0.444654,1.047493,0.363630
8.945257543,1.087621,0.450730,1.084477,0.444700,1.047509,0.363668
8.947224537,1.087645,0.450775,1.084500,0.444746,1.047524,0.363707
8.949191532,1.087668,0.450819,1.084524,0.444792,1.047540,0.363746
8.951158526,1.087692,0.450864,1.084548,0.444838,1.047555,0.363785
8.953125521,1.087716,0.450909,1.084571,0.444884,1.047571,0.363823
8.955092515,1.087739,0.450953,1.084595,0.444929,1.047586,0.363862
8.957059510,1.087763,0.450998,1.084619,0.444975,1.047602,0.363901
8.959026504,1.087786,0.451043,1.084642,0.445021,1.047617,0.363939
8.960993499,1.087810,0.451087,1.084666,0.445067,1.047632,0.363978
8.962960493,1.087833,0.451132,1.084690,0.445113,1.047648,0.364017
8.964927488,1.087857,0.451177,1.084714,0.445158,1.047663,0.364055
8.966894482,1.087880,0.451221,1.084737,0.445204,1.047679,0.364094
8.968861477,1.087904,0.451266,1.084761,0.445250,1.047694,0.364133
8.970828471,1.087927,0.451310,1.084785,0.445296,1.047710,0.364171
8.972795466,1.087951,0.451355,1.084808,0.445342,1.047725,0.364210
8.974762460,1.087974,0.451400,1.084832,0.445387,1.047740,0.364249
8.976729455,1.087998,0.451444,1.084856,0.445433,1.047756,0.364287
8.978696449,1.088021,0.451489,1.084879,0.445479,1.047771,0.364326
8.980663444,1.088045,0.451533,1.084903,0.445525,1.047787,0.364365
8.982630438,1.088068,0.451578,1.084927,0.445570,1.047802,0.364403
8.984597433,1.088092,0.451623,1.084950,0.445616,1.047818,0.364442
8.986564427,1.088115,0.451667,1.084974,0.445662,1.047833,0.364480
8.988531422,1.088139,0.451712,1.084998,0.445707,1.047849,0.364519
8.990498416,1.088162,0.451756,1.085022,0.445753,1.047864,0.364558
8.992465411,1.088186,0.451801,1.085045,0.445799,1.047879,0.364596
8.994432405,1.088210,0.451845,1.085069,0.445844,1.047895,0.364635
8.996399400,1.088233,0.451890,1.085093,0.445890,1.047910,0.364673
8.998366394,1.088257,0.451934,1.085116,0.445936,1.047926,0.364712
9.000333389,1.088280,0.451979,1.085140,0.445981,1.047941,0.364751
9.002300383,1.088304,0.452023,1.085164,0.446027,1.047957,0.364789
9.004267378,1.088327,0.452068,1.085187,0.446073,1.047972,0.364828
9.006234372,1.088351,0.452112,1.085211,0.446118,1.047987,0.364866
9.008201367,1.088374,0.452157,1.085235,0.446164,1.048003,0.364905
9.010168361,1.088398,0.452201,1.085258,0.446210,1.048018,0.364943
9.012135356,1.088421,0.452246,1.085282,0.446255,1.048034,0.364982
9.014102350,1.088445,0.452290,1.085306,0.446301,1.048049,0.365020
9.016069345,1.088468,0.452335,1.085329,0.446346,1.048065,0.365059
9.018036339,1.088492,0.452379,1.085353,0.446392,1.048080,0.365098
9.020003334,1.088515,0.452424,1.085377,0.446438,1.048096,0.365136
9.021970328,1.088539,0.452468,1.085400,0.446483,1.048111,0.365175
9.023937323,1.088562,0.452512,1.085424,0.446529,1.048126,0.365213
9.025904317,1.088586,0.452557,1.085448,0.446574,1.048142,0.365252
9.027871312,1.088609,0.452601,1.085471,0.446620,1.048157,0.365290
9.029838306,1.088633,0.452646,1.085495,0.446665,1.048173,0.365329
9.031805301,1.088656,0.452690,1.085519,0.446711,1.048188,0.365367
9.033772295,1.088680,0.452734,1.085543,0.446756,1.048204,0.365406
9.035739290,1.088703,0.452779,1.085566,0.446802,1.048219,0.365444
9.037706284,1.088727,0.452823,1.085590,0.446847,1.048234,0.365482
9.039673279,1.088750,0.452868,1.085614,0.446893,1.048250,0.365521
9.041640273,1.088774,0.452912,1.085637,0.446939,1.048265,0.365559
9.043607268,1.088797,0.452956,1.085661,0.446984,1.048281,0.365598
9.045574262,1.088821,0.453001,1.085685,0.447029,1.048296,0.365636
9.047541257,1.088844,0.453045,1.085708,0.447075,1.048312,0.365675
9.049508251,1.088868,0.453089,1.085732,0.447120,1.048327,0.365713
9.051475246,1.088891,0.453134,1.085756,0.447166,1.048342,0.365752
9.053442240,1.088915,0.453178,1.085779,0.447211,1.048358,0.365790
9.055409235,1.088938,0.453222,1.085803,0.447257,1.048373,0.365828
9.057376229,1.088962,0.453267,1.085827,0.447302,1.048389,0.365867
9.059343224,1.088985,0.453311,1.085850,0.447348,1.048404,0.365905
9.061310218,1.089009,0.453355,1.085874,0.447393,1.048420,0.365944
9.063277213,1.089032,0.453399,1.085898,0.447439,1.048435,0.365982
9.065244207,1.089056,0.453444,1.085921,0.447484,1.048450,0.366020
9.067211202,1.089079,0.453488,1.085945,0.447529,1.048466,0.366059
9.069178196,1.089103,0.453532,1.085969,0.447575,1.048481,0.366097
9.071145191,1.089126,0.453577,1.085992,0.447620,1.048497,0.366136
9.073112185,1.089150,0.453621,1.086016,0.447666,1.048512,0.366174
9.075079180,1.089173,0.453665,1.086040,0.447711,1.048528,0.366212
9.077046174,1.089197,0.453709,1.086063,0.447756,1.048543,0.366251
9.079013169,1.089220,0.453754,1.086087,0.447802,1.048558,0.366289
9.080980163,1.089244,0.453798,1.086111,0.447847,1.048574,0.366327
9.082947158,1.089267,0.453842,1.086134,0.447892,1.048589,0.366366
9.084914152,1.089291,0.453886,1.086158,0.447938,1.048605,0.366404
9.086881147,1.089314,0.453930,1.086182,0.447983,1.048620,0.366442
9.088848141,1.089338,0.453975,1.086205,0.448028,1.048636,0.366481
9.090815136,1.089361,0.454019,1.086229,0.448074,1.048651,0.366519
9.092782130,1.089385,0.454063,1.086253,0.448119,1.048666,0.366557
9.094749125,1.089408,0.454107,1.086276,0.448164,1.048682,0.366596
9.096716119,1.089432,0.454151,1.086300,0.448210,1.048697,0.366634
9.098683114,1.089455,0.454195,1.086324,0.448255,1.048713,0.366672
9.100650108,1.089479,0.454240,1.086347,0.448300,1.048728,0.366711
9.102617103,1.089502,0.454284,1.086371,0.448345,1.048743,0.366749
9.104584097,1.089526,0.454328,1.086395,0.448391,1.048759,0.366787
9.106551092,1.089549,0.454372,1.086418,0.448436,1.048774,0.366825
9.108518086,1.089573,0.454416,1.086442,0.448481,1.048790,0.366864
9.110485081,1.089596,0.454460,1.086466,0.448527,1.048805,0.366902
9.112452075,1.089620,0.454504,1.086489,0.448572,1.048821,0.366940
9.114419070,1.089643,0.454549,1.086513,0.448617,1.048836,0.366978
9.116386064,1.089667,0.454593,1.086536,0.448662,1.048851,0.367017
9.118353059,1.089690,0.454637,1.086560,0.448707,1.048867,0.367055
9.120320053,1.089714,0.454681,1.086584,0.448753,1.048882,0.367093
9.122287048,1.089737,0.454725,1.086607,0.448798,1.048898,0.367131
9.124254042,1.089761,0.454769,1.086631,0.448843,1.048913,0.367170
9.126221037,1.089784,0.454813,1.086655,0.448888,1.048929,0.367208
9.128188031,1.089807,0.454857,1.086678,0.448933,1.048944,0.367246
9.130155026,1.089831,0.454901,1.086702,0.448979,1.048959,0.367284
9.132122020,1.089854,0.454945,1.086726,0.449024,1.048975,0.367323
9.134089015,1.089878,0.454989,1.086749,0.449069,1.048990,0.367361
9.136056009,1.089901,0.455033,1.086773,0.449114,1.049006,0.367399
9.138023004,1.089925,0.455077,1.086797,0.449159,1.049021,0.367437
9.139989998,1.089948,0.455121,1.086820,0.449204,1.049036,0.367475
9.141956993,1.089972,0.455165,1.086844,0.449250,1.049052,0.367513
9.143923987,1.089995,0.455209,1.086868,0.449295,1.049067,0.367552
9.145890982,1.090019,0.455253,1.086891,0.449340,1.049083,0.367590
9.147857976,1.090042,0.455297,1.086915,0.449385,1.049098,0.367628
9.149824971,1.090066,0.455341,1.086939,0.449430,1.049114,0.367666
9.151791965,1.090089,0.455385,1.086962,0.449475,1.049129,0.367704
9.153758960,1.090113,0.455429,1.086986,0.449520,1.049144,0.367742
9.155725954,1.090136,0.455473,1.087009,0.449565,1.049160,0.367781
9.157692949,1.090160,0.455517,1.087033,0.449610,1.049175,0.367819
9.159659943,1.090183,0.455561,1.087057,0.449655,1.049191,0.367857
9.161626938,1.090207,0.455605,1.087080,0.449700,1.049206,0.367895
9.163593932,1.090230,0.455649,1.087104,0.449746,1.049221,0.367933
9.165560927,1.090254,0.455693,1.087128,0.449791,1.049237,0.367971
9.167527921,1.090277,0.455737,1.087151,0.449836,1.049252,0.368009
9.169494916,1.090300,0.455781,1.087175,0.449881,1.049268,0.368047
9.171461910,1.090324,0.455825,1.087199,0.449926,1.049283,0.368085
9.173428905,1.090347,0.455869,1.087222,0.449971,1.049299,0.368124
9.175395899,1.090371,0.455913,1.087246,0.450016,1.049314,0.368162
9.177362894,1.090394,0.455956,1.087270,0.450061,1.049329,0.368200
9.179329888,1.090418,0.456000,1.087293,0.450106,1.049345,0.368238
9.181296883,1.090441,0.456044,1.087317,0.450151,1.049360,0.368276
9.183263877,1.090465,0.456088,1.087340,0.450196,1.049376,0.368314
9.185230872,1.090488,0.456132,1.087364,0.450241,1.049391,0.368352
9.187197866,1.090512,0.456176,1.087388,0.450286,1.049406,0.368390
9.189164861,1.090535,0.456220,1.087411,0.450331,1.049422,0.368428
9.191131855,1.090559,0.456263,1.087435,0.450376,1.049437,0.368466
9.193098850,1.090582,0.456307,1.087459,0.450421,1.049453,0.368504
9.195065844,1.090606,0.456351,1.087482,0.450465,1.049468,0.368542
9.197032839,1.090629,0.456395,1.087506,0.450510,1.049484,0.368580
9.198999833,1.090653,0.456439,1.087530,0.450555,1.049499,0.368618
9.200966828,1.090676,0.456483,1.087553,0.450600,1.049514,0.368656
9.202933822,1.090699,0.456526,1.087577,0.450645,1.049530,0.368694
9.204900817,1.090723,0.456570,1.087600,0.450690,1.049545,0.368732
9.206867811,1.090746,0.456614,1.087624,0.450735,1.049561,0.368770
9.208834806,1.090770,0.456658,1.087648,0.450780,1.049576,0.368808
9.210801800,1.090793,0.456702,1.087671,0.450825,1.049591,0.368846
9.212768795,1.090817,0.456745,1.087695,0.450870,1.049607,0.368884
9.214735789,1.090840,0.456789,1.087719,0.450914,1.049622,0.368922
9.216702784,1.090864,0.456833,1.087742,0.450959,1.049638,0.368960
9.218669778,1.090887,0.456877,1.087766,0.451004,1.049653,0.368998
9.220636773,1.090911,0.456920,1.087789,0.451049,1.049668,0.369036
9.222603767,1.090934,0.456964,1.087813,0.451094,1.049684,0.369074
9.224570762,1.090957,0.457008,1.087837,0.451139,1.049699,0.369112
9.226537756,1.090981,0.457052,1.087860,0.451184,1.049715,0.369150
9.228504751,1.091004,0.457095,1.087884,0.451228,1.049730,0.369188
9.230471745,1.091028,0.457139,1.087908,0.451273,1.049745,0.369226
9.232438740,1.091051,0.457183,1.087931,0.451318,1.049761,0.369264
9.234405734,1.091075,0.457226,1.087955,0.451363,1.049776,0.369302
9.236372729,1.091098,0.457270,1.087978,0.451408,1.049792,0.369340
9.238339723,1.091122,0.457314,1.088002,0.451452,1.049807,0.369378
9.240306718,1.091145,0.457357,1.088026,0.451497,1.049823,0.369415
9.242273712,1.091169,0.457401,1.088049,0.451542,1.049838,0.369453
9.244240707,1.091192,0.457445,1.088073,0.451587,1.049853,0.369491
9.246207701,1.091215,0.457488,1.088097,0.451631,1.049869,0.369529
9.248174696,1.091239,0.457532,1.088120,0.451676,1.049884,0.369567
9.250141690,1.091262,0.457576,1.088144,0.451721,1.049900,0.369605
9.252108685,1.091286,0.457619,1.088167,0.451766,1.049915,0.369643
9.254075679,1.091309,0.457663,1.088191,0.451810,1.049930,0.369681
9.256042674,1.091333,0.457707,1.088215,0.451855,1.049946,0.369718
9.258009668,1.091356,0.457750,1.088238,0.451900,1.049961,0.369756
9.259976663,1.091380,0.457794,1.088262,0.451945,1.049977,0.369794
9.261943657,1.091403,0.457837,1.088286,0.451989,1.049992,0.369832
9.263910652,1.091427,0.457881,1.088309,0.452034,1.050007,0.369870
9.265877646,1.091450,0.457925,1.088333,0.452079,1.050023,0.369908
9.267844641,1.091473,0.457968,1.088356,0.452123,1.050038,0.369946
9.269811635,1.091497,0.458012,1.088380,0.452168,1.050054,0.369983
9.271778630,1.091520,0.458055,1.088404,0.452213,1.050069,0.370021
9.273745624,1.091544,0.458099,1.088427,0.452257,1.050084,0.370059
9.275712619,1.091567,0.458142,1.088451,0.452302,1.050100,0.370097
9.277679613,1.091591,0.458186,1.088474,0.452347,1.050115,0.370135
9.279646608,1.091614,0.458230,1.088498,0.452391,1.050131,0.370172
9.281613602,1.091638,0.458273,1.088522,0.452436,1.050146,0.370210
9.283580597,1.091661,0.458317,1.088545,0.452480,1.050161,0.370248
9.285547591,1.091684,0.458360,1.088569,0.452525,1.050177,0.370286
9.287514586,1.091708,0.458404,1.088593,0.452570,1.050192,0.370324
9.289481580,1.091731,0.458447,1.088616,0.452614,1.050208,0.370361
9.291448575,1.091755,0.458491,1.088640,0.452659,1.050223,0.370399
9.293415569,1.091778,0.458534,1.088663,0.452704,1.050238,0.370437
9.295382564,1.091802,0.458578,1.088687,0.452748,1.050254,0.370475
9.297349558,1.091825,0.458621,1.088711,0.452793,1.050269,0.370512
9.299316553,1.091849,0.458665,1.088734,0.452837,1.050285,0.370550
9.301283547,1.091872,0.458708,1.088758,0.452882,1.050300,0.370588
9.303250542,1.091895,0.458752,1.088781,0.452926,1.050315,0.370626
9.305217536,1.091919,0.458795,1.088805,0.452971,1.050331,0.370663
9.307184531,1.091942,0.458838,1.088829,0.453015,1.050346,0.370701
9.309151525,1.091966,0.458882,1.088852,0.453060,1.050362,0.370739
9.311118520,1.091989,0.458925,1.088876,0.453104,1.050377,0.370776
9.313085514,1.092013,0.458969,1.088899,0.453149,1.050392,0.370814
9.315052509,1.092036,0.459012,1.088923,0.453194,1.050408,0.370852
9.317019503,1.092059,0.459056,1.088947,0.453238,1.050423,0.370890
9.318986498,1.092083,0.459099,1.088970,0.453283,1.050439,0.370927
9.320953492,1.092106,0.459142,1.088994,0.453327,1.050454,0.370965
9.322920487,1.092130,0.459186,1.089017,0.453372,1.050469,0.371003
9.324887481,1.092153,0.459229,1.089041,0.453416,1.050485,0.371040
9.326854476,1.092177,0.459273,1.089065,0.453460,1.050500,0.371078
9.328821470,1.092200,0.459316,1.089088,0.453505,1.050516,0.371116
9.330788465,1.092223,0.459359,1.089112,0.453549,1.050531,0.371153
9.332755459,1.092247,0.459403,1.089135,0.453594,1.050546,0.371191
9.334722454,1.092270,0.459446,1.089159,0.453638,1.050562,0.371229
9.336689448,1.092294,0.459489,1.089183,0.453683,1.050577,0.371266
9.338656443,1.092317,0.459533,1.089206,0.453727,1.050593,0.371304
9.340623437,1.092341,0.459576,1.089230,0.453772,1.050608,0.371342
9.342590432,1.092364,0.459619,1.089253,0.453816,1.050623,0.371379
9.344557426,1.092387,0.459663,1.089277,0.453860,1.050639,0.371417
9.346524421,1.092411,0.459706,1.089301,0.453905,1.050654,0.371454
9.348491415,1.092434,0.459749,1.089324,0.453949,1.050670,0.371492
9.350458410,1.092458,0.459793,1.089348,0.453994,1.050685,0.371530
9.352425404,1.092481,0.459836,1.089371,0.454038,1.050700,0.371567
9.354392399,1.092505,0.459879,1.089395,0.454082,1.050716,0.371605
9.356359393,1.092528,0.459923,1.089419,0.454127,1.050731,0.371642
9.358326388,1.092551,0.459966,1.089442,0.454171,1.050747,0.371680
9.360293382,1.092575,0.460009,1.089466,0.454215,1.050762,0.371718
9.362260377,1.092598,0.460052,1.089489,0.454260,1.050777,0.371755
9.364227371,1.092622,0.460096,1.089513,0.454304,1.050793,0.371793
9.366194366,1.092645,0.460139,1.089537,0.454348,1.050808,0.371830
9.368161360,1.092669,0.460182,1.089560,0.454393,1.050824,0.371868
9.370128355,1.092692,0.460225,1.089584,0.454437,1.050839,0.371905
9.372095349,1.092715,0.460269,1.089607,0.454481,1.050854,0.371943
9.374062344,1.092739,0.460312,1.089631,0.454526,1.050870,0.371981
9.376029338,1.092762,0.460355,1.089654,0.454570,1.050885,0.372018
9.377996333,1.092786,0.460398,1.089678,0.454614,1.050900,0.372056
9.379963327,1.092809,0.460441,1.089702,0.454659,1.050916,0.372093
9.381930322,1.092832,0.460485,1.089725,0.454703,1.050931,0.372131
9.383897316,1.092856,0.460528,1.089749,0.454747,1.050947,0.372168
9.385864311,1.092879,0.460571,1.089772,0.454791,1.050962,0.372206
9.387831305,1.092903,0.460614,1.089796,0.454836,1.050977,0.372243
9.389798300,1.092926,0.460657,1.089820,0.454880,1.050993,0.372281
9.391765294,1.092950,0.460701,1.089843,0.454924,1.051008,0.372318
9.393732289,1.092973,0.460744,1.089867,0.454968,1.051024,0.372356
9.395699283,1.092996,0.460787,1.089890,0.455013,1.051039,0.372393
9.397666278,1.093020,0.460830,1.089914,0.455057,1.051054,0.372431
9.399633272,1.093043,0.460873,1.089937,0.455101,1.051070,0.372468
9.401600267,1.093067,0.460916,1.089961,0.455145,1.051085,0.372506
9.403567261,1.093090,0.460959,1.089985,0.455189,1.051101,0.372543
9.405534256,1.093113,0.461003,1.090008,0.455234,1.051116,0.372581
9.407501250,1.093137,0.461046,1.090032,0.455278,1.051131,0.372618
9.409468245,1.093160,0.461089,1.090055,0.455322,1.051147,0.372655
9.411435239,1.093184,0.461132,1.090079,0.455366,1.051162,0.372693
9.413402234,1.093207,0.461175,1.090103,0.455410,1.051177,0.372730
9.415369228,1.093230,0.461218,1.090126,0.455454,1.051193,0.372768
9.417336223,1.093254,0.461261,1.090150,0.455499,1.051208,0.372805
9.419303217,1.093277,0.461304,1.090173,0.455543,1.051224,0.372843
9.421270212,1.093301,0.461347,1.090197,0.455587,1.051239,0.372880
9.423237206,1.093324,0.461390,1.090220,0.455631,1.051254,0.372917
9.425204201,1.093348,0.461433,1.090244,0.455675,1.051270,0.372955
9.427171195,1.093371,0.461477,1.090268,0.455719,1.051285,0.372992
9.429138190,1.093394,0.461520,1.090291,0.455763,1.051301,0.373030
9.431105184,1.093418,0.461563,1.090315,0.455807,1.051316,0.373067
9.433072179,1.093441,0.461606,1.090338,0.455852,1.051331,0.373104
9.435039173,1.093465,0.461649,1.090362,0.455896,1.051347,0.373142
9.437006168,1.093488,0.461692,1.090385,0.455940,1.051362,0.373179
9.438973162,1.093511,0.461735,1.090409,0.455984,1.051377,0.373217
9.440940157,1.093535,0.461778,1.090433,0.456028,1.051393,0.373254
9.442907151,1.093558,0.461821,1.090456,0.456072,1.051408,0.373291
9.444874146,1.093582,0.461864,1.090480,0.456116,1.051424,0.373329
9.446841140,1.093605,0.461907,1.090503,0.456160,1.051439,0.373366
9.448808135,1.093628,0.461950,1.090527,0.456204,1.051454,0.373403
9.450775129,1.093652,0.461993,1.090550,0.456248,1.051470,0.373441
9.452742124,1.093675,0.462036,1.090574,0.456292,1.051485,0.373478
9.454709118,1.093699,0.462079,1.090598,0.456336,1.051501,0.373515
9.456676113,1.093722,0.462121,1.090621,0.456380,1.051516,0.373553
9.458643107,1.093745,0.462164,1.090645,0.456424,1.051531,0.373590
9.460610102,1.093769,0.462207,1.090668,0.456468,1.051547,0.373627
9.462577096,1.093792,0.462250,1.090692,0.456512,1.051562,0.373665
9.464544091,1.093816,0.462293,1.090715,0.456556,1.051577,0.373702
9.466511085,1.093839,0.462336,1.090739,0.456600,1.051593,0.373739
9.468478080,1.093862,0.462379,1.090763,0.456644,1.051608,0.373776
9.470445074,1.093886,0.462422,1.090786,0.456688,1.051624,0.373814
9.472412069,1.093909,0.462465,1.090810,0.456732,1.051639,0.373851
9.474379063,1.093933,0.462508,1.090833,0.456776,1.051654,0.373888
9.476346058,1.093956,0.462551,1.090857,0.456820,1.051670,0.373926
9.478313052,1.093979,0.462594,1.090880,0.456864,1.051685,0.373963
9.480280047,1.094003,0.462636,1.090904,0.456908,1.051701,0.374000
9.482247041,1.094026,0.462679,1.090927,0.456952,1.051716,0.374037
9.484214036,1.094049,0.462722,1.090951,0.456996,1.051731,0.374075
9.486181030,1.094073,0.462765,1.090975,0.457040,1.051747,0.374112
9.488148025,1.094096,0.462808,1.090998,0.457084,1.051762,0.374149
9.490115019,1.094120,0.462851,1.091022,0.457127,1.051777,0.374186
9.492082014,1.094143,0.462894,1.091045,0.457171,1.051793,0.374224
9.494049008,1.094166,0.462936,1.091069,0.457215,1.051808,0.374261
9.496016003,1.094190,0.462979,1.091092,0.457259,1.051824,0.374298
9.497982997,1.094213,0.463022,1.091116,0.457303,1.051839,0.374335
9.499949992,1.094237,0.463065,1.091139,0.457347,1.051854,0.374372
9.501916986,1.094260,0.463108,1.091163,0.457391,1.051870,0.374410
9.503883981,1.094283,0.463150,1.091187,0.457435,1.051885,0.374447
9.505850975,1.094307,0.463193,1.091210,0.457478,1.051900,0.374484
9.507817970,1.094330,0.463236,1.091234,0.457522,1.051916,0.374521
9.509784964,1.094354,0.463279,1.091257,0.457566,1.051931,0.374558
9.511751959,1.094377,0.463322,1.091281,0.457610,1.051947,0.374596
9.513718953,1.094400,0.463364,1.091304,0.457654,1.051962,0.374633
9.515685948,1.094424,0.463407,1.091328,0.457698,1.051977,0.374670
9.517652942,1.094447,0.463450,1.091351,0.457741,1.051993,0.374707
9.519619937,1.094470,0.463493,1.091375,0.457785,1.052008,0.374744
9.521586931,1.094494,0.463535,1.091399,0.457829,1.052023,0.374781
9.523553926,1.094517,0.463578,1.091422,0.457873,1.052039,0.374819
9.525520920,1.094541,0.463621,1.091446,0.457917,1.052054,0.374856
9.527487915,1.094564,0.463664,1.091469,0.457960,1.052070,0.374893
9.529454909,1.094587,0.463706,1.091493,0.458004,1.052085,0.374930
9.531421904,1.094611,0.463749,1.091516,0.458048,1.052100,0.374967
9.533388898,1.094634,0.463792,1.091540,0.458092,1.052116,0.375004
9.535355893,1.094657,0.463834,1.091563,0.458135,1.052131,0.375041
9.537322887,1.094681,0.463877,1.091587,0.458179,1.052146,0.375079
9.539289882,1.094704,0.463920,1.091610,0.458223,1.052162,0.375116
9.541256876,1.094728,0.463962,1.091634,0.458267,1.052177,0.375153
9.543223871,1.094751,0.464005,1.091658,0.458310,1.052193,0.375190
9.545190865,1.094774,0.464048,1.091681,0.458354,1.052208,0.375227
9.547157860,1.094798,0.464090,1.091705,0.458398,1.052223,0.375264
9.549124854,1.094821,0.464133,1.091728,0.458441,1.052239,0.375301
9.551091849,1.094845,0.464176,1.091752,0.458485,1.052254,0.375338
9.553058843,1.094868,0.464218,1.091775,0.458529,1.052269,0.375375
9.555025838,1.094891,0.464261,1.091799,0.458572,1.052285,0.375412
9.556992832,1.094915,0.464304,1.091822,0.458616,1.052300,0.375449
9.558959827,1.094938,0.464346,1.091846,0.458660,1.052316,0.375486
9.560926821,1.094961,0.464389,1.091869,0.458703,1.052331,0.375523
9.562893816,1.094985,0.464431,1.091893,0.458747,1.052346,0.375561
9.564860810,1.095008,0.464474,1.091917,0.458791,1.052362,0.375598
9.566827805,1.095031,0.464517,1.091940,0.458834,1.052377,0.375635
9.568794799,1.095055,0.464559,1.091964,0.458878,1.052392,0.375672
9.570761794,1.095078,0.464602,1.091987,0.458922,1.052408,0.375709
9.572728788,1.095102,0.464644,1.092011,0.458965,1.052423,0.375746
9.574695783,1.095125,0.464687,1.092034,0.459009,1.052438,0.375783
9.576662777,1.095148,0.464729,1.092058,0.459052,1.052454,0.375820
9.578629772,1.095172,0.464772,1.092081,0.459096,1.052469,0.375857
9.580596766,1.095195,0.464815,1.092105,0.459140,1.052485,0.375894
9.582563761,1.095218,0.464857,1.092128,0.459183,1.052500,0.375931
9.584530755,1.095242,0.464900,1.092152,0.459227,1.052515,0.375968
9.586497750,1.095265,0.464942,1.092175,0.459270,1.052531,0.376005
9.588464744,1.095289,0.464985,1.092199,0.459314,1.052546,0.376042
9.590431739,1.095312,0.465027,1.092222,0.459358,1.052561,0.376079
9.592398733,1.095335,0.465070,1.092246,0.459401,1.052577,0.376116
9.594365728,1.095359,0.465112,1.092270,0.459445,1.052592,0.376153
9.596332722,1.095382,0.465155,1.092293,0.459488,1.052608,0.376190
9.598299717,1.095405,0.465197,1.092317,0.459532,1.052623,0.376227
9.600266711,1.095429,0.465240,1.092340,0.459575,1.052638,0.376263
9.602233706,1.095452,0.465282,1.092364,0.459619,1.052654,0.376300
9.604200700,1.095475,0.465325,1.092387,0.459662,1.052669,0.376337
9.606167695,1.095499,0.465367,1.092411,0.459706,1.052684,0.376374
9.608134689,1.095522,0.465410,1.092434,0.459749,1.052700,0.376411
9.610101684,1.095546,0.465452,1.092458,0.459793,1.052715,0.376448
9.612068678,1.095569,0.465495,1.092481,0.459836,1.052730,0.376485
9.614035673,1.095592,0.465537,1.092505,0.459880,1.052746,0.376522
9.616002667,1.095616,0.465579,1.092528,0.459923,1.052761,0.376559
9.617969662,1.095639,0.465622,1.092552,0.459967,1.052777,0.376596
9.619936656,1.095662,0.465664,1.092575,0.460010,1.052792,0.376633
9.621903651,1.095686,0.465707,1.092599,0.460054,1.052807,0.376670
9.623870645,1.095709,0.465749,1.092622,0.460097,1.052823,0.376706
9.625837640,1.095732,0.465792,1.092646,0.460140,1.052838,0.376743
9.627804634,1.095756,0.465834,1.092669,0.460184,1.052853,0.376780
9.629771629,1.095779,0.465876,1.092693,0.460227,1.052869,0.376817
9.631738623,1.095802,0.465919,1.092717,0.460271,1.052884,0.376854
9.633705618,1.095826,0.465961,1.092740,0.460314,1.052899,0.376891
9.635672612,1.095849,0.466003,1.092764,0.460358,1.052915,0.376928
9.637639607,1.095872,0.466046,1.092787,0.460401,1.052930,0.376965
9.639606601,1.095896,0.466088,1.092811,0.460444,1.052946,0.377001
9.641573596,1.095919,0.466131,1.092834,0.460488,1.052961,0.377038
9.643540590,1.095943,0.466173,1.092858,0.460531,1.052976,0.377075
9.645507585,1.095966,0.466215,1.092881,0.460575,1.052992,0.377112
9.647474579,1.095989,0.466258,1.092905,0.460618,1.053007,0.377149
9.649441574,1.096013,0.466300,1.092928,0.460661,1.053022,0.377186
9.651408568,1.096036,0.466342,1.092952,0.460705,1.053038,0.377222
9.653375563,1.096059,0.466385,1.092975,0.460748,1.053053,0.377259
9.655342557,1.096083,0.466427,1.092999,0.460791,1.053068,0.377296
9.657309552,1.096106,0.466469,1.093022,0.460835,1.053084,0.377333
9.659276546,1.096129,0.466511,1.093046,0.460878,1.053099,0.377370
9.661243541,1.096153,0.466554,1.093069,0.460921,1.053114,0.377406
9.663210535,1.096176,0.466596,1.093093,0.460965,1.053130,0.377443
9.665177530,1.096199,0.466638,1.093116,0.461008,1.053145,0.377480
9.667144524,1.096223,0.466681,1.093140,0.461051,1.053161,0.377517
9.669111519,1.096246,0.466723,1.093163,0.461094,1.053176,0.377554
9.671078513,1.096269,0.466765,1.093187,0.461138,1.053191,0.377590
9.673045508,1.096293,0.466807,1.093210,0.461181,1.053207,0.377627
9.675012502,1.096316,0.466850,1.093234,0.461224,1.053222,0.377664
9.676979497,1.096339,0.466892,1.093257,0.461268,1.053237,0.377701
9.678946491,1.096363,0.466934,1.093281,0.461311,1.053253,0.377737
9.680913486,1.096386,0.466976,1.093304,0.461354,1.053268,0.377774
9.682880480,1.096409,0.467019,1.093328,0.461397,1.053283,0.377811
9.684847475,1.096433,0.467061,1.093351,0.461441,1.053299,0.377848
9.686814469,1.096456,0.467103,1.093375,0.461484,1.053314,0.377884
9.688781464,1.096479,0.467145,1.093398,0.461527,1.053329,0.377921
9.690748458,1.096503,0.467187,1.093422,0.461570,1.053345,0.377958
9.692715453,1.096526,0.467230,1.093445,0.461614,1.053360,0.377994
9.694682447,1.096549,0.467272,1.093469,0.461657,1.053376,0.378031
9.696649442,1.096573,0.467314,1.093492,0.461700,1.053391,0.378068
9.698616436,1.096596,0.467356,1.093516,0.461743,1.053406,0.378105
9.700583431,1.096620,0.467398,1.093539,0.461786,1.053422,0.378141
9.702550425,1.096643,0.467440,1.093563,0.461830,1.053437,0.378178
9.704517420,1.096666,0.467483,1.093586,0.461873,1.053452,0.378215
9.706484414,1.096690,0.467525,1.093610,0.461916,1.053468,0.378251
9.708451409,1.096713,0.467567,1.093633,0.461959,1.053483,0.378288
9.710418403,1.096736,0.467609,1.093657,0.462002,1.053498,0.378325
9.712385398,1.096760,0.467651,1.093680,0.462045,1.053514,0.378361
9.714352392,1.096783,0.467693,1.093704,0.462088,1.053529,0.378398
9.716319387,1.096806,0.467735,1.093727,0.462132,1.053544,0.378435
9.718286381,1.096830,0.467778,1.093751,0.462175,1.053560,0.378471
9.720253376,1.096853,0.467820,1.093774,0.462218,1.053575,0.378508
9.722220370,1.096876,0.467862,1.093798,0.462261,1.053590,0.378545
9.724187365,1.096900,0.467904,1.093821,0.462304,1.053606,0.378581
9.726154359,1.096923,0.467946,1.093845,0.462347,1.053621,0.378618
9.728121354,1.096946,0.467988,1.093868,0.462390,1.053637,0.378654
9.730088348,1.096969,0.468030,1.093892,0.462433,1.053652,0.378691
9.732055343,1.096993,0.468072,1.093915,0.462476,1.053667,0.378728
9.734022337,1.097016,0.468114,1.093939,0.462520,1.053683,0.378764
9.735989332,1.097039,0.468156,1.093962,0.462563,1.053698,0.378801
9.737956326,1.097063,0.468198,1.093986,0.462606,1.053713,0.378837
9.739923321,1.097086,0.468240,1.094009,0.462649,1.053729,0.378874
9.741890315,1.097109,0.468282,1.094033,0.462692,1.053744,0.378911
9.743857310,1.097133,0.468324,1.094056,0.462735,1.053759,0.378947
9.745824304,1.097156,0.468366,1.094080,0.462778,1.053775,0.378984
9.747791299,1.097179,0.468408,1.094103,0.462821,1.053790,0.379020
9.749758293,1.097203,0.468450,1.094127,0.462864,1.053805,0.379057
9.751725288,1.097226,0.468492,1.094150,0.462907,1.053821,0.379093
9.753692282,1.097249,0.468534,1.094174,0.462950,1.053836,0.379130
9.755659277,1.097273,0.468576,1.094197,0.462993,1.053851,0.379167
9.757626271,1.097296,0.468618,1.094221,0.463036,1.053867,0.379203
9.759593266,1.097319,0.468660,1.094244,0.463079,1.053882,0.379240
9.761560260,1.097343,0.468702,1.094268,0.463122,1.053897,0.379276
9.763527255,1.097366,0.468744,1.094291,0.463165,1.053913,0.379313
9.765494249,1.097389,0.468786,1.094315,0.463208,1.053928,0.379349
9.767461244,1.097413,0.468828,1.094338,0.463251,1.053944,0.379386
9.769428238,1.097436,0.468870,1.094362,0.463294,1.053959,0.379422
9.771395233,1.097459,0.468912,1.094385,0.463337,1.053974,0.379459
9.773362227,1.097483,0.468954,1.094409,0.463380,1.053990,0.379495
9.775329222,1.097506,0.468996,1.094432,0.463423,1.054005,0.379532
9.777296216,1.097529,0.469038,1.094456,0.463466,1.054020,0.379568
9.779263211,1.097553,0.469080,1.094479,0.463509,1.054036,0.379605
9.781230205,1.097576,0.469122,1.094503,0.463552,1.054051,0.379641
9.783197200,1.097599,0.469164,1.094526,0.463594,1.054066,0.379678
9.785164194,1.097623,0.469206,1.094550,0.463637,1.054082,0.379714
9.787131189,1.097646,0.469248,1.094573,0.463680,1.054097,0.379751
9.789098183,1.097669,0.469289,1.094597,0.463723,1.054112,0.379787
9.791065178,1.097692,0.469331,1.094620,0.463766,1.054128,0.379824
9.793032172,1.097716,0.469373,1.094644,0.463809,1.054143,0.379860
9.794999167,1.097739,0.469415,1.094667,0.463852,1.054158,0.379897
9.796966161,1.097762,0.469457,1.094691,0.463895,1.054174,0.379933
9.798933156,1.097786,0.469499,1.094714,0.463938,1.054189,0.379970
9.800900150,1.097809,0.469541,1.094737,0.463980,1.054204,0.380006
9.802867145,1.097832,0.469582,1.094761,0.464023,1.054220,0.380042
9.804834139,1.097856,0.469624,1.094784,0.464066,1.054235,0.380079
9.806801134,1.097879,0.469666,1.094808,0.464109,1.054250,0.380115
9.808768128,1.097902,0.469708,1.094831,0.464152,1.054266,0.380152
9.810735123,1.097926,0.469750,1.094855,0.464195,1.054281,0.380188
9.812702117,1.097949,0.469792,1.094878,0.464237,1.054296,0.380225
9.814669112,1.097972,0.469833,1.094902,0.464280,1.054312,0.380261
9.816636106,1.097995,0.469875,1.094925,0.464323,1.054327,0.380297
9.818603101,1.098019,0.469917,1.094949,0.464366,1.054342,0.380334
9.820570095,1.098042,0.469959,1.094972,0.464409,1.054358,0.380370
9.822537090,1.098065,0.470001,1.094996,0.464451,1.054373,0.380407
9.824504084,1.098089,0.470042,1.095019,0.464494,1.054389,0.380443
9.826471079,1.098112,0.470084,1.095043,0.464537,1.054404,0.380479
9.828438073,1.098135,0.470126,1.095066,0.464580,1.054419,0.380516
9.830405068,1.098159,0.470168,1.095090,0.464623,1.054435,0.380552
9.832372062,1.098182,0.470209,1.095113,0.464665,1.054450,0.380588
9.834339057,1.098205,0.470251,1.095137,0.464708,1.054465,0.380625
9.836306051,1.098229,0.470293,1.095160,0.464751,1.054481,0.380661
9.838273046,1.098252,0.470335,1.095183,0.464794,1.054496,0.380697
9.840240040,1.098275,0.470376,1.095207,0.464836,1.054511,0.380734
9.842207035,1.098298,0.470418,1.095230,0.464879,1.054527,0.380770
9.844174029,1.098322,0.470460,1.095254,0.464922,1.054542,0.380806
9.846141024,1.098345,0.470502,1.095277,0.464964,1.054557,0.380843
9.848108018,1.098368,0.470543,1.095301,0.465007,1.054573,0.380879
9.850075013,1.098392,0.470585,1.095324,0.465050,1.054588,0.380915
9.852042007,1.098415,0.470627,1.095348,0.465093,1.054603,0.380952
9.854009002,1.098438,0.470668,1.095371,0.465135,1.054619,0.380988
9.855975996,1.098462,0.470710,1.095395,0.465178,1.054634,0.381024
9.857942990,1.098485,0.470752,1.095418,0.465221,1.054649,0.381061
9.859909985,1.098508,0.470793,1.095442,0.465263,1.054665,0.381097
9.861876979,1.098531,0.470835,1.095465,0.465306,1.054680,0.381133
9.863843974,1.098555,0.470877,1.095489,0.465349,1.054695,0.381170
9.865810968,1.098578,0.470918,1.095512,0.465391,1.054711,0.381206
9.867777963,1.098601,0.470960,1.095535,0.465434,1.054726,0.381242
9.869744957,1.098625,0.471002,1.095559,0.465476,1.054741,0.381278
9.871711952,1.098648,0.471043,1.095582,0.465519,1.054757,0.381315
9.873678946,1.098671,0.471085,1.095606,0.465562,1.054772,0.381351
9.875645941,1.098694,0.471127,1.095629,0.465604,1.054787,0.381387
9.877612935,1.098718,0.471168,1.095653,0.465647,1.054803,0.381423
9.879579930,1.098741,0.471210,1.095676,0.465690,1.054818,0.381460
9.881546924,1.098764,0.471251,1.095700,0.465732,1.054833,0.381496
9.883513919,1.098788,0.471293,1.095723,0.465775,1.054849,0.381532
9.885480913,1.098811,0.471335,1.095747,0.465817,1.054864,0.381568
9.887447908,1.098834,0.471376,1.095770,0.465860,1.054879,0.381605
9.889414902,1.098858,0.471418,1.095793,0.465902,1.054895,0.381641
9.891381897,1.098881,0.471459,1.095817,0.465945,1.054910,0.381677
9.893348891,1.098904,0.471501,1.095840,0.465988,1.054925,0.381713
9.895315886,1.098927,0.471542,1.095864,0.466030,1.054941,0.381749
9.897282880,1.098951,0.471584,1.095887,0.466073,1.054956,0.381786
9.899249875,1.098974,0.471626,1.095911,0.466115,1.054971,0.381822
9.901216869,1.098997,0.471667,1.095934,0.466158,1.054987,0.381858
9.903183864,1.099021,0.471709,1.095958,0.466200,1.055002,0.381894
9.905150858,1.099044,0.471750,1.095981,0.466243,1.055017,0.381930
9.907117853,1.099067,0.471792,1.096005,0.466285,1.055033,0.381967
9.909084847,1.099090,0.471833,1.096028,0.466328,1.055048,0.382003
9.911051842,1.099114,0.471875,1.096051,0.466370,1.055063,0.382039
9.913018836,1.099137,0.471916,1.096075,0.466413,1.055079,0.382075
9.914985831,1.099160,0.471958,1.096098,0.466455,1.055094,0.382111
9.916952825,1.099184,0.471999,1.096122,0.466498,1.055109,0.382147
9.918919820,1.099207,0.472041,1.096145,0.466540,1.055125,0.382183
9.920886814,1.099230,0.472082,1.096169,0.466583,1.055140,0.382220
9.922853809,1.099253,0.472124,1.096192,0.466625,1.055155,0.382256
9.924820803,1.099277,0.472165,1.096216,0.466668,1.055171,0.382292
9.926787798,1.099300,0.472207,1.096239,0.466710,1.055186,0.382328
9.928754792,1.099323,0.472248,1.096262,0.466753,1.055201,0.382364
9.930721787,1.099346,0.472289,1.096286,0.466795,1.055217,0.382400
9.932688781,1.099370,0.472331,1.096309,0.466837,1.055232,0.382436
9.934655776,1.099393,0.472372,1.096333,0.466880,1.055247,0.382473
9.936622770,1.099416,0.472414,1.096356,0.466922,1.055263,0.382509
9.938589765,1.099440,0.472455,1.096380,0.466965,1.055278,0.382545
9.940556759,1.099463,0.472497,1.096403,0.467007,1.055293,0.382581
9.942523754,1.099486,0.472538,1.096427,0.467050,1.055309,0.382617
9.944490748,1.099509,0.472579,1.096450,0.467092,1.055324,0.382653
9.946457743,1.099533,0.472621,1.096473,0.467134,1.055339,0.382689
9.948424737,1.099556,0.472662,1.096497,0.467177,1.055355,0.382725
9.950391732,1.099579,0.472704,1.096520,0.467219,1.055370,0.382761
9.952358726,1.099603,0.472745,1.096544,0.467261,1.055385,0.382797
9.954325721,1.099626,0.472786,1.096567,0.467304,1.055400,0.382833
9.956292715,1.099649,0.472828,1.096591,0.467346,1.055416,0.382869
9.958259710,1.099672,0.472869,1.096614,0.467389,1.055431,0.382905
9.960226704,1.099696,0.472911,1.096638,0.467431,1.055446,0.382942
9.962193699,1.099719,0.472952,1.096661,0.467473,1.055462,0.382978
9.964160693,1.099742,0.472993,1.096684,0.467516,1.055477,0.383014
9.966127688,1.099765,0.473035,1.096708,0.467558,1.055492,0.383050
9.968094682,1.099789,0.473076,1.096731,0.467600,1.055508,0.383086
9.970061677,1.099812,0.473117,1.096755,0.467643,1.055523,0.383122
9.972028671,1.099835,0.473159,1.096778,0.467685,1.055538,0.383158
9.973995666,1.099858,0.473200,1.096802,0.467727,1.055554,0.383194
9.975962660,1.099882,0.473241,1.096825,0.467769,1.055569,0.383230
9.977929655,1.099905,0.473283,1.096848,0.467812,1.055584,0.383266
9.979896649,1.099928,0.473324,1.096872,0.467854,1.055600,0.383302
9.981863644,1.099952,0.473365,1.096895,0.467896,1.055615,0.383338
9.983830638,1.099975,0.473406,1.096919,0.467939,1.055630,0.383374
9.985797633,1.099998,0.473448,1.096942,0.467981,1.055646,0.383410
9.987764627,1.100021,0.473489,1.096966,0.468023,1.055661,0.383446
9.989731622,1.100045,0.473530,1.096989,0.468065,1.055676,0.383482
9.991698616,1.100068,0.473572,1.097012,0.468108,1.055692,0.383518
9.993665611,1.100091,0.473613,1.097036,0.468150,1.055707,0.383554
9.995632605,1.100114,0.473654,1.097059,0.468192,1.055722,0.383590
9.997599600,1.100138,0.473695,1.097083,0.468234,1.055738,0.383625
9.999566594,1.100161,0.473737,1.097106,0.468276,1.055753,0.383661
10.001533589,1.100184,0.473778,1.097130,0.468319,1.055768,0.383697
10.003500583,1.100207,0.473819,1.097153,0.468361,1.055784,0.383733
10.005467578,1.100231,0.473860,1.097176,0.468403,1.055799,0.383769
10.007434572,1.100254,0.473902,1.097200,0.468445,1.055814,0.383805
10.009401567,1.100277,0.473943,1.097223,0.468487,1.055830,0.383841
10.011368561,1.100300,0.473984,1.097247,0.468530,1.055845,0.383877
10.013335556,1.100324,0.474025,1.097270,0.468572,1.055860,0.383913
10.015302550,1.100347,0.474066,1.097294,0.468614,1.055875,0.383949
10.017269545,1.100370,0.474108,1.097317,0.468656,1.055891,0.383985
10.019236539,1.100394,0.474149,1.097340,0.468698,1.055906,0.384021
10.021203534,1.100417,0.474190,1.097364,0.468740,1.055921,0.384057
10.023170528,1.100440,0.474231,1.097387,0.468783,1.055937,0.384092
10.025137523,1.100463,0.474272,1.097411,0.468825,1.055952,0.384128
10.027104517,1.100487,0.474313,1.097434,0.468867,1.055967,0.384164
10.029071512,1.100510,0.474355,1.097458,0.468909,1.055983,0.384200
10.031038506,1.100533,0.474396,1.097481,0.468951,1.055998,0.384236
10.033005501,1.100556,0.474437,1.097504,0.468993,1.056013,0.384272
10.034972495,1.100580,0.474478,1.097528,0.469035,1.056029,0.384308
10.036939490,1.100603,0.474519,1.097551,0.469077,1.056044,0.384344
10.038906484,1.100626,0.474560,1.097575,0.469120,1.056059,0.384379
10.040873479,1.100649,0.474601,1.097598,0.469162,1.056075,0.384415
10.042840473,1.100673,0.474642,1.097621,0.469204,1.056090,0.384451
10.044807468,1.100696,0.474684,1.097645,0.469246,1.056105,0.384487
10.046774462,1.100719,0.474725,1.097668,0.469288,1.056121,0.384523
10.048741457,1.100742,0.474766,1.097692,0.469330,1.056136,0.384559
10.050708451,1.100766,0.474807,1.097715,0.469372,1.056151,0.384595
10.052675446,1.100789,0.474848,1.097739,0.469414,1.056166,0.384630
10.054642440,1.100812,0.474889,1.097762,0.469456,1.056182,0.384666
10.056609435,1.100835,0.474930,1.097785,0.469498,1.056197,0.384702
10.058576429,1.100859,0.474971,1.097809,0.469540,1.056212,0.384738
10.060543424,1.100882,0.475012,1.097832,0.469582,1.056228,0.384774
10.062510418,1.100905,0.475053,1.097856,0.469624,1.056243,0.384809
10.064477413,1.100928,0.475094,1.097879,0.469666,1.056258,0.384845
10.066444407,1.100952,0.475135,1.097902,0.469708,1.056274,0.384881
10.068411402,1.100975,0.475176,1.097926,0.469750,1.056289,0.384917
10.070378396,1.100998,0.475217,1.097949,0.469792,1.056304,0.384953
10.072345391,1.101021,0.475258,1.097973,0.469834,1.056320,0.384988
10.074312385,1.101044,0.475299,1.097996,0.469876,1.056335,0.385024
10.076279380,1.101068,0.475341,1.098019,0.469918,1.056350,0.385060
10.078246374,1.101091,0.475382,1.098043,0.469960,1.056366,0.385096
10.080213369,1.101114,0.475423,1.098066,0.470002,1.056381,0.385131
10.082180363,1.101137,0.475464,1.098090,0.470044,1.056396,0.385167
10.084147358,1.101161,0.475505,1.098113,0.470086,1.056411,0.385203
10.086114352,1.101184,0.475545,1.098137,0.470128,1.056427,0.385239
10.088081347,1.101207,0.475586,1.098160,0.470170,1.056442,0.385274
10.090048341,1.101230,0.475627,1.098183,0.470212,1.056457,0.385310
10.092015336,1.101254,0.475668,1.098207,0.470254,1.056473,0.385346
10.093982330,1.101277,0.475709,1.098230,0.470296,1.056488,0.385382
10.095949325,1.101300,0.475750,1.098254,0.470338,1.056503,0.385417
10.097916319,1.101323,0.475791,1.098277,0.470380,1.056519,0.385453
10.099883314,1.101347,0.475832,1.098300,0.470422,1.056534,0.385489
10.101850308,1.101370,0.475873,1.098324,0.470463,1.056549,0.385524
10.103817303,1.101393,0.475914,1.098347,0.470505,1.056565,0.385560
10.105784297,1.101416,0.475955,1.098371,0.470547,1.056580,0.385596
10.107751292,1.101440,0.475996,1.098394,0.470589,1.056595,0.385631
10.109718286,1.101463,0.476037,1.098417,0.470631,1.056611,0.385667
10.111685281,1.101486,0.476078,1.098441,0.470673,1.056626,0.385703
10.113652275,1.101509,0.476119,1.098464,0.470715,1.056641,0.385739
10.115619270,1.101532,0.476160,1.098488,0.470757,1.056656,0.385774
10.117586264,1.101556,0.476200,1.098511,0.470798,1.056672,0.385810
10.119553259,1.101579,0.476241,1.098534,0.470840,1.056687,0.385846
10.121520253,1.101602,0.476282,1.098558,0.470882,1.056702,0.385881
10.123487248,1.101625,0.476323,1.098581,0.470924,1.056718,0.385917
10.125454242,1.101649,0.476364,1.098605,0.470966,1.056733,0.385953
10.127421237,1.101672,0.476405,1.098628,0.471008,1.056748,0.385988
10.129388231,1.101695,0.476446,1.098651,0.471049,1.056764,0.386024
10.131355226,1.101718,0.476487,1.098675,0.471091,1.056779,0.386059
10.133322220,1.101742,0.476527,1.098698,0.471133,1.056794,0.386095
10.135289215,1.101765,0.476568,1.098721,0.471175,1.056810,0.386131
10.137256209,1.101788,0.476609,1.098745,0.471217,1.056825,0.386166
10.139223204,1.101811,0.476650,1.098768,0.471258,1.056840,0.386202
10.141190198,1.101834,0.476691,1.098792,0.471300,1.056855,0.386238
10.143157193,1.101858,0.476732,1.098815,0.471342,1.056871,0.386273
10.145124187,1.101881,0.476772,1.098838,0.471384,1.056886,0.386309
10.147091182,1.101904,0.476813,1.098862,0.471425,1.056901,0.386344
10.149058176,1.101927,0.476854,1.098885,0.471467,1.056917,0.386380
10.151025171,1.101951,0.476895,1.098909,0.471509,1.056932,0.386416
10.152992165,1.101974,0.476936,1.098932,0.471551,1.056947,0.386451
10.154959160,1.101997,0.476976,1.098955,0.471592,1.056963,0.386487
10.156926154,1.102020,0.477017,1.098979,0.471634,1.056978,0.386522
10.158893149,1.102043,0.477058,1.099002,0.471676,1.056993,0.386558
10.160860143,1.102067,0.477099,1.099026,0.471718,1.057008,0.386593
10.162827138,1.102090,0.477139,1.099049,0.471759,1.057024,0.386629
10.164794132,1.102113,0.477180,1.099072,0.471801,1.057039,0.386665
10.166761127,1.102136,0.477221,1.099096,0.471843,1.057054,0.386700
10.168728121,1.102160,0.477262,1.099119,0.471884,1.057070,0.386736
10.170695116,1.102183,0.477302,1.099142,0.471926,1.057085,0.386771
10.172662110,1.102206,0.477343,1.099166,0.471968,1.057100,0.386807
10.174629105,1.102229,0.477384,1.099189,0.472009,1.057116,0.386842
10.176596099,1.102252,0.477425,1.099213,0.472051,1.057131,0.386878
10.178563094,1.102276,0.477465,1.099236,0.472093,1.057146,0.386913
10.180530088,1.102299,0.477506,1.099259,0.472134,1.057161,0.386949
10.182497083,1.102322,0.477547,1.099283,0.472176,1.057177,0.386984
10.184464077,1.102345,0.477587,1.099306,0.472218,1.057192,0.387020
10.186431072,1.102369,0.477628,1.099330,0.472259,1.057207,0.387055
10.188398066,1.102392,0.477669,1.099353,0.472301,1.057223,0.387091
10.190365061,1.102415,0.477709,1.099376,0.472343,1.057238,0.387126
10.192332055,1.102438,0.477750,1.099400,0.472384,1.057253,0.387162
10.194299050,1.102461,0.477791,1.099423,0.472426,1.057269,0.387197
10.196266044,1.102485,0.477831,1.099446,0.472467,1.057284,0.387233
10.198233039,1.102508,0.477872,1.099470,0.472509,1.057299,0.387268
10.200200033,1.102531,0.477913,1.099493,0.472551,1.057314,0.387304
10.202167028,1.102554,0.477953,1.099517,0.472592,1.057330,0.387339
10.204134022,1.102577,0.477994,1.099540,0.472634,1.057345,0.387375
10.206101017,1.102601,0.478035,1.099563,0.472675,1.057360,0.387410
10.208068011,1.102624,0.478075,1.099587,0.472717,1.057376,0.387446
10.210035006,1.102647,0.478116,1.099610,0.472758,1.057391,0.387481
10.212002000,1.102670,0.478156,1.099633,0.472800,1.057406,0.387516
10.213968995,1.102693,0.478197,1.099657,0.472842,1.057422,0.387552
10.215935989,1.102717,0.478238,1.099680,0.472883,1.057437,0.387587
10.217902984,1.102740,0.478278,1.099704,0.472925,1.057452,0.387623
10.219869978,1.102763,0.478319,1.099727,0.472966,1.057467,0.387658
10.221836973,1.102786,0.478359,1.099750,0.473008,1.057483,0.387694
10.223803967,1.102810,0.478400,1.099774,0.473049,1.057498,0.387729
10.225770962,1.102833,0.478441,1.099797,0.473091,1.057513,0.387764
10.227737956,1.102856,0.478481,1.099820,0.473132,1.057529,0.387800
10.229704951,1.102879,0.478522,1.099844,0.473174,1.057544,0.387835
10.231671945,1.102902,0.478562,1.099867,0.473215,1.057559,0.387871
10.233638940,1.102926,0.478603,1.099890,0.473257,1.057574,0.387906
10.235605934,1.102949,0.478643,1.099914,0.473298,1.057590,0.387941
10.237572929,1.102972,0.478684,1.099937,0.473340,1.057605,0.387977
10.239539923,1.102995,0.478724,1.099961,0.473381,1.057620,0.388012
10.241506918,1.103018,0.478765,1.099984,0.473423,1.057636,0.388048
10.243473912,1.103042,0.478805,1.100007,0.473464,1.057651,0.388083
10.245440907,1.103065,0.478846,1.100031,0.473506,1.057666,0.388118
10.247407901,1.103088,0.478886,1.100054,0.473547,1.057682,0.388154
10.249374896,1.103111,0.478927,1.100077,0.473589,1.057697,0.388189
10.251341890,1.103134,0.478967,1.100101,0.473630,1.057712,0.388224
10.253308885,1.103158,0.479008,1.100124,0.473671,1.057727,0.388260
10.255275879,1.103181,0.479048,1.100148,0.473713,1.057743,0.388295
10.257242874,1.103204,0.479089,1.100171,0.473754,1.057758,0.388330
10.259209868,1.103227,0.479129,1.100194,0.473796,1.057773,0.388366
10.261176863,1.103250,0.479170,1.100218,0.473837,1.057789,0.388401
10.263143857,1.103274,0.479210,1.100241,0.473878,1.057804,0.388436
10.265110852,1.103297,0.479251,1.100264,0.473920,1.057819,0.388472
10.267077846,1.103320,0.479291,1.100288,0.473961,1.057834,0.388507
10.269044841,1.103343,0.479332,1.100311,0.474003,1.057850,0.388542
10.271011835,1.103366,0.479372,1.100334,0.474044,1.057865,0.388578
10.272978830,1.103389,0.479413,1.100358,0.474085,1.057880,0.388613
10.274945824,1.103413,0.479453,1.100381,0.474127,1.057896,0.388648
10.276912819,1.103436,0.479493,1.100404,0.474168,1.057911,0.388684
10.278879813,1.103459,0.479534,1.100428,0.474209,1.057926,0.388719
10.280846808,1.103482,0.479574,1.100451,0.474251,1.057941,0.388754
10.282813802,1.103505,0.479615,1.100475,0.474292,1.057957,0.388789
10.284780797,1.103529,0.479655,1.100498,0.474333,1.057972,0.388825
10.286747791,1.103552,0.479696,1.100521,0.474375,1.057987,0.388860
10.288714786,1.103575,0.479736,1.100545,0.474416,1.058003,0.388895
10.290681780,1.103598,0.479776,1.100568,0.474457,1.058018,0.388931
10.292648775,1.103621,0.479817,1.100591,0.474499,1.058033,0.388966
10.294615769,1.103645,0.479857,1.100615,0.474540,1.058049,0.389001
10.296582764,1.103668,0.479897,1.100638,0.474581,1.058064,0.389036
10.298549758,1.103691,0.479938,1.100661,0.474623,1.058079,0.389072
10.300516753,1.103714,0.479978,1.100685,0.474664,1.058094,0.389107
10.302483747,1.103737,0.480018,1.100708,0.474705,1.058110,0.389142
10.304450742,1.103761,0.480059,1.100731,0.474747,1.058125,0.389177
10.306417736,1.103784,0.480099,1.100755,0.474788,1.058140,0.389212
10.308384731,1.103807,0.480139,1.100778,0.474829,1.058156,0.389248
10.310351725,1.103830,0.480180,1.100801,0.474870,1.058171,0.389283
10.312318720,1.103853,0.480220,1.100825,0.474912,1.058186,0.389318
10.314285714,1.103876,0.480260,1.100848,0.474953,1.058201,0.389353
10.316252709,1.103900,0.480301,1.100872,0.474994,1.058217,0.389389
10.318219703,1.103923,0.480341,1.100895,0.475035,1.058232,0.389424
10.320186698,1.103946,0.480381,1.100918,0.475077,1.058247,0.389459
10.322153692,1.103969,0.480422,1.100942,0.475118,1.058263,0.389494
10.324120687,1.103992,0.480462,1.100965,0.475159,1.058278,0.389529
10.326087681,1.104016,0.480502,1.100988,0.475200,1.058293,0.389564
10.328054676,1.104039,0.480543,1.101012,0.475241,1.058308,0.389600
10.330021670,1.104062,0.480583,1.101035,0.475283,1.058324,0.389635
10.331988665,1.104085,0.480623,1.101058,0.475324,1.058339,0.389670
10.333955659,1.104108,0.480663,1.101082,0.475365,1.058354,0.389705
10.335922654,1.104131,0.480704,1.101105,0.475406,1.058369,0.389740
10.337889648,1.104155,0.480744,1.101128,0.475447,1.058385,0.389775
10.339856643,1.104178,0.480784,1.101152,0.475489,1.058400,0.389811
10.341823637,1.104201,0.480824,1.101175,0.475530,1.058415,0.389846
10.343790632,1.104224,0.480865,1.101198,0.475571,1.058431,0.389881
10.345757626,1.104247,0.480905,1.101222,0.475612,1.058446,0.389916
10.347724621,1.104270,0.480945,1.101245,0.475653,1.058461,0.389951
10.349691615,1.104294,0.480985,1.101268,0.475694,1.058476,0.389986
10.351658610,1.104317,0.481025,1.101292,0.475735,1.058492,0.390021
10.353625604,1.104340,0.481066,1.101315,0.475777,1.058507,0.390056
10.355592599,1.104363,0.481106,1.101338,0.475818,1.058522,0.390092
10.357559593,1.104386,0.481146,1.101362,0.475859,1.058538,0.390127
10.359526588,1.104410,0.481186,1.101385,0.475900,1.058553,0.390162
10.361493582,1.104433,0.481226,1.101408,0.475941,1.058568,0.390197
10.363460577,1.104456,0.481267,1.101432,0.475982,1.058583,0.390232
10.365427571,1.104479,0.481307,1.101455,0.476023,1.058599,0.390267
10.367394566,1.104502,0.481347,1.101478,0.476064,1.058614,0.390302
10.369361560,1.104525,0.481387,1.101502,0.476105,1.058629,0.390337
10.371328555,1.104549,0.481427,1.101525,0.476146,1.058645,0.390372
10.373295549,1.104572,0.481467,1.101548,0.476188,1.058660,0.390407
10.375262544,1.104595,0.481507,1.101572,0.476229,1.058675,0.390442
10.377229538,1.104618,0.481548,1.101595,0.476270,1.058690,0.390478
10.379196533,1.104641,0.481588,1.101618,0.476311,1.058706,0.390513
10.381163527,1.104664,0.481628,1.101642,0.476352,1.058721,0.390548
10.383130522,1.104688,0.481668,1.101665,0.476393,1.058736,0.390583
10.385097516,1.104711,0.481708,1.101688,0.476434,1.058751,0.390618
10.387064511,1.104734,0.481748,1.101712,0.476475,1.058767,0.390653
10.389031505,1.104757,0.481788,1.101735,0.476516,1.058782,0.390688
10.390998500,1.104780,0.481828,1.101758,0.476557,1.058797,0.390723
10.392965494,1.104803,0.481869,1.101782,0.476598,1.058813,0.390758
10.394932489,1.104827,0.481909,1.101805,0.476639,1.058828,0.390793
10.396899483,1.104850,0.481949,1.101828,0.476680,1.058843,0.390828
10.398866478,1.104873,0.481989,1.101852,0.476721,1.058858,0.390863
10.400833472,1.104896,0.482029,1.101875,0.476762,1.058874,0.390898
10.402800467,1.104919,0.482069,1.101898,0.476803,1.058889,0.390933
10.404767461,1.104942,0.482109,1.101922,0.476844,1.058904,0.390968
10.406734456,1.104966,0.482149,1.101945,0.476885,1.058920,0.391003
10.408701450,1.104989,0.482189,1.101968,0.476926,1.058935,0.391038
10.410668445,1.105012,0.482229,1.101992,0.476967,1.058950,0.391073
10.412635439,1.105035,0.482269,1.102015,0.477008,1.058965,0.391108
10.414602434,1.105058,0.482309,1.102038,0.477049,1.058981,0.391143
10.416569428,1.105081,0.482349,1.102062,0.477090,1.058996,0.391178
10.418536423,1.105104,0.482389,1.102085,0.477131,1.059011,0.391213
10.420503417,1.105128,0.482429,1.102108,0.477171,1.059026,0.391248
10.422470412,1.105151,0.482469,1.102132,0.477212,1.059042,0.391283
10.424437406,1.105174,0.482509,1.102155,0.477253,1.059057,0.391318
10.426404401,1.105197,0.482549,1.102178,0.477294,1.059072,0.391353
10.428371395,1.105220,0.482589,1.102201,0.477335,1.059088,0.391388
10.430338390,1.105243,0.482629,1.102225,0.477376,1.059103,0.391423
10.432305384,1.105267,0.482669,1.102248,0.477417,1.059118,0.391457
10.434272379,1.105290,0.482709,1.102271,0.477458,1.059133,0.391492
10.436239373,1.105313,0.482749,1.102295,0.477499,1.059149,0.391527
10.438206368,1.105336,0.482789,1.102318,0.477540,1.059164,0.391562
10.440173362,1.105359,0.482829,1.102341,0.477580,1.059179,0.391597
10.442140357,1.105382,0.482869,1.102365,0.477621,1.059194,0.391632
10.444107351,1.105405,0.482909,1.102388,0.477662,1.059210,0.391667
10.446074346,1.105429,0.482949,1.102411,0.477703,1.059225,0.391702
10.448041340,1.105452,0.482989,1.102435,0.477744,1.059240,0.391737
10.450008335,1.105475,0.483029,1.102458,0.477785,1.059256,0.391772
10.451975329,1.105498,0.483069,1.102481,0.477826,1.059271,0.391807
10.453942324,1.105521,0.483109,1.102505,0.477866,1.059286,0.391841
10.455909318,1.105544,0.483149,1.102528,0.477907,1.059301,0.391876
10.457876313,1.105568,0.483188,1.102551,0.477948,1.059317,0.391911
10.459843307,1.105591,0.483228,1.102575,0.477989,1.059332,0.391946
10.461810302,1.105614,0.483268,1.102598,0.478030,1.059347,0.391981
10.463777296,1.105637,0.483308,1.102621,0.478070,1.059362,0.392016
10.465744291,1.105660,0.483348,1.102644,0.478111,1.059378,0.392051
10.467711285,1.105683,0.483388,1.102668,0.478152,1.059393,0.392086
10.469678280,1.105706,0.483428,1.102691,0.478193,1.059408,0.392120
10.471645274,1.105730,0.483468,1.102714,0.478234,1.059423,0.392155
10.473612269,1.105753,0.483507,1.102738,0.478274,1.059439,0.392190
10.475579263,1.105776,0.483547,1.102761,0.478315,1.059454,0.392225
10.477546258,1.105799,0.483587,1.102784,0.478356,1.059469,0.392260
10.479513252,1.105822,0.483627,1.102808,0.478397,1.059485,0.392295
10.481480247,1.105845,0.483667,1.102831,0.478437,1.059500,0.392329
10.483447241,1.105868,0.483707,1.102854,0.478478,1.059515,0.392364
10.485414236,1.105892,0.483747,1.102878,0.478519,1.059530,0.392399
10.487381230,1.105915,0.483786,1.102901,0.478560,1.059546,0.392434
10.489348225,1.105938,0.483826,1.102924,0.478600,1.059561,0.392469
10.491315219,1.105961,0.483866,1.102947,0.478641,1.059576,0.392503
10.493282214,1.105984,0.483906,1.102971,0.478682,1.059591,0.392538
10.495249208,1.106007,0.483946,1.102994,0.478722,1.059607,0.392573
10.497216203,1.106030,0.483985,1.103017,0.478763,1.059622,0.392608
10.499183197,1.106053,0.484025,1.103041,0.478804,1.059637,0.392643
10.501150192,1.106077,0.484065,1.103064,0.478845,1.059652,0.392677
10.503117186,1.106100,0.484105,1.103087,0.478885,1.059668,0.392712
10.505084181,1.106123,0.484145,1.103111,0.478926,1.059683,0.392747
10.507051175,1.106146,0.484184,1.103134,0.478967,1.059698,0.392782
10.509018170,1.106169,0.484224,1.103157,0.479007,1.059714,0.392816
10.510985164,1.106192,0.484264,1.103180,0.479048,1.059729,0.392851
10.512952159,1.106215,0.484304,1.103204,0.479089,1.059744,0.392886
10.514919153,1.106239,0.484343,1.103227,0.479129,1.059759,0.392921
10.516886148,1.106262,0.484383,1.103250,0.479170,1.059775,0.392956
10.518853142,1.106285,0.484423,1.103274,0.479211,1.059790,0.392990
10.520820137,1.106308,0.484463,1.103297,0.479251,1.059805,0.393025
10.522787131,1.106331,0.484502,1.103320,0.479292,1.059820,0.393060
10.524754126,1.106354,0.484542,1.103344,0.479332,1.059836,0.393094
10.526721120,1.106377,0.484582,1.103367,0.479373,1.059851,0.393129
10.528688115,1.106401,0.484621,1.103390,0.479414,1.059866,0.393164
10.530655109,1.106424,0.484661,1.103413,0.479454,1.059881,0.393199
10.532622104,1.106447,0.484701,1.103437,0.479495,1.059897,0.393233
10.534589098,1.106470,0.484741,1.103460,0.479535,1.059912,0.393268
10.536556093,1.106493,0.484780,1.103483,0.479576,1.059927,0.393303
10.538523087,1.106516,0.484820,1.103507,0.479617,1.059942,0.393337
10.540490082,1.106539,0.484860,1.103530,0.479657,1.059958,0.393372
10.542457076,1.106562,0.484899,1.103553,0.479698,1.059973,0.393407
10.544424071,1.106586,0.484939,1.103576,0.479738,1.059988,0.393441
10.546391065,1.106609,0.484979,1.103600,0.479779,1.060003,0.393476
10.548358060,1.106632,0.485018,1.103623,0.479819,1.060019,0.393511
10.550325054,1.106655,0.485058,1.103646,0.479860,1.060034,0.393545
10.552292049,1.106678,0.485098,1.103670,0.479901,1.060049,0.393580
10.554259043,1.106701,0.485137,1.103693,0.479941,1.060065,0.393615
10.556226038,1.106724,0.485177,1.103716,0.479982,1.060080,0.393649
10.558193032,1.106747,0.485216,1.103739,0.480022,1.060095,0.393684
10.560160027,1.106771,0.485256,1.103763,0.480063,1.060110,0.393719
10.562127021,1.106794,0.485296,1.103786,0.480103,1.060126,0.393753
10.564094016,1.106817,0.485335,1.103809,0.480144,1.060141,0.393788
10.566061010,1.106840,0.485375,1.103833,0.480184,1.060156,0.393823
10.568028005,1.106863,0.485414,1.103856,0.480225,1.060171,0.393857
10.569994999,1.106886,0.485454,1.103879,0.480265,1.060187,0.393892
10.571961994,1.106909,0.485494,1.103902,0.480306,1.060202,0.393927
10.573928988,1.106932,0.485533,1.103926,0.480346,1.060217,0.393961
10.575895983,1.106955,0.485573,1.103949,0.480387,1.060232,0.393996
10.577862977,1.106979,0.485612,1.103972,0.480427,1.060248,0.394030
10.579829972,1.107002,0.485652,1.103996,0.480468,1.060263,0.394065
10.581796966,1.107025,0.485692,1.104019,0.480508,1.060278,0.394100
10.583763961,1.107048,0.485731,1.104042,0.480548,1.060293,0.394134
10.585730955,1.107071,0.485771,1.104065,0.480589,1.060309,0.394169
10.587697950,1.107094,0.485810,1.104089,0.480629,1.060324,0.394203
10.589664944,1.107117,0.485850,1.104112,0.480670,1.060339,0.394238
10.591631939,1.107140,0.485889,1.104135,0.480710,1.060354,0.394273
10.593598933,1.107164,0.485929,1.104159,0.480751,1.060370,0.394307
10.595565928,1.107187,0.485968,1.104182,0.480791,1.060385,0.394342
10.597532922,1.107210,0.486008,1.104205,0.480831,1.060400,0.394376
10.599499917,1.107233,0.486047,1.104228,0.480872,1.060415,0.394411
10.601466911,1.107256,0.486087,1.104252,0.480912,1.060431,0.394445
10.603433906,1.107279,0.486126,1.104275,0.480953,1.060446,0.394480
10.605400900,1.107302,0.486166,1.104298,0.480993,1.060461,0.394514
10.607367895,1.107325,0.486205,1.104321,0.481033,1.060476,0.394549
10.609334889,1.107348,0.486245,1.104345,0.481074,1.060492,0.394584
10.611301884,1.107372,0.486284,1.104368,0.481114,1.060507,0.394618
10.613268878,1.107395,0.486324,1.104391,0.481155,1.060522,0.394653
10.615235873,1.107418,0.486363,1.104415,0.481195,1.060537,0.394687
10.617202867,1.107441,0.486403,1.104438,0.481235,1.060553,0.394722
10.619169862,1.107464,0.486442,1.104461,0.481276,1.060568,0.394756
10.621136856,1.107487,0.486482,1.104484,0.481316,1.060583,0.394791
10.623103851,1.107510,0.486521,1.104508,0.481356,1.060598,0.394825
10.625070845,1.107533,0.486561,1.104531,0.481397,1.060614,0.394860
10.627037840,1.107556,0.486600,1.104554,0.481437,1.060629,0.394894
10.629004834,1.107580,0.486639,1.104577,0.481477,1.060644,0.394929
10.630971829,1.107603,0.486679,1.104601,0.481518,1.060659,0.394963
10.632938823,1.107626,0.486718,1.104624,0.481558,1.060675,0.394998
10.634905818,1.107649,0.486758,1.104647,0.481598,1.060690,0.395032
10.636872812,1.107672,0.486797,1.104671,0.481639,1.060705,0.395067
10.638839807,1.107695,0.486836,1.104694,0.481679,1.060720,0.395101
10.640806801,1.107718,0.486876,1.104717,0.481719,1.060736,0.395136
10.642773796,1.107741,0.486915,1.104740,0.481759,1.060751,0.395170
10.644740790,1.107764,0.486955,1.104764,0.481800,1.060766,0.395205
10.646707785,1.107787,0.486994,1.104787,0.481840,1.060781,0.395239
10.648674779,1.107811,0.487033,1.104810,0.481880,1.060797,0.395273
10.650641774,1.107834,0.487073,1.104833,0.481920,1.060812,0.395308
10.652608768,1.107857,0.487112,1.104857,0.481961,1.060827,0.395342
10.654575763,1.107880,0.487152,1.104880,0.482001,1.060842,0.395377
10.656542757,1.107903,0.487191,1.104903,0.482041,1.060858,0.395411
10.658509752,1.107926,0.487230,1.104926,0.482081,1.060873,0.395446
10.660476746,1.107949,0.487270,1.104950,0.482122,1.060888,0.395480
10.662443741,1.107972,0.487309,1.104973,0.482162,1.060903,0.395515
10.664410735,1.107995,0.487348,1.104996,0.482202,1.060919,0.395549
10.666377730,1.108018,0.487388,1.105019,0.482242,1.060934,0.395583
10.668344724,1.108042,0.487427,1.105043,0.482283,1.060949,0.395618
10.670311719,1.108065,0.487466,1.105066,0.482323,1.060964,0.395652
10.672278713,1.108088,0.487506,1.105089,0.482363,1.060980,0.395687
10.674245708,1.108111,0.487545,1.105112,0.482403,1.060995,0.395721
10.676212702,1.108134,0.487584,1.105136,0.482443,1.061010,0.395755
10.678179697,1.108157,0.487623,1.105159,0.482483,1.061025,0.395790
10.680146691,1.108180,0.487663,1.105182,0.482524,1.061041,0.395824
10.682113686,1.108203,0.487702,1.105206,0.482564,1.061056,0.395858
10.684080680,1.108226,0.487741,1.105229,0.482604,1.061071,0.395893
10.686047675,1.108249,0.487781,1.105252,0.482644,1.061086,0.395927
10.688014669,1.108272,0.487820,1.105275,0.482684,1.061102,0.395962
10.689981664,1.108296,0.487859,1.105299,0.482724,1.061117,0.395996
10.691948658,1.108319,0.487898,1.105322,0.482765,1.061132,0.396030
10.693915653,1.108342,0.487938,1.105345,0.482805,1.061147,0.396065
10.695882647,1.108365,0.487977,1.105368,0.482845,1.061163,0.396099
10.697849642,1.108388,0.488016,1.105392,0.482885,1.061178,0.396133
10.699816636,1.108411,0.488055,1.105415,0.482925,1.061193,0.396168
10.701783631,1.108434,0.488095,1.105438,0.482965,1.061208,0.396202
10.703750625,1.108457,0.488134,1.105461,0.483005,1.061223,0.396236
10.705717620,1.108480,0.488173,1.105485,0.483045,1.061239,0.396271
10.707684614,1.108503,0.488212,1.105508,0.483085,1.061254,0.396305
10.709651609,1.108526,0.488251,1.105531,0.483126,1.061269,0.396339
10.711618603,1.108550,0.488291,1.105554,0.483166,1.061284,0.396374
10.713585598,1.108573,0.488330,1.105578,0.483206,1.061300,0.396408
10.715552592,1.108596,0.488369,1.105601,0.483246,1.061315,0.396442
10.717519587,1.108619,0.488408,1.105624,0.483286,1.061330,0.396477
10.719486581,1.108642,0.488447,1.105647,0.483326,1.061345,0.396511
10.721453576,1.108665,0.488487,1.105671,0.483366,1.061361,0.396545
10.723420570,1.108688,0.488526,1.105694,0.483406,1.061376,0.396579
10.725387565,1.108711,0.488565,1.105717,0.483446,1.061391,0.396614
10.727354559,1.108734,0.488604,1.105740,0.483486,1.061406,0.396648
10.729321554,1.108757,0.488643,1.105764,0.483526,1.061422,0.396682
10.731288548,1.108780,0.488682,1.105787,0.483566,1.061437,0.396717
10.733255543,1.108803,0.488722,1.105810,0.483606,1.061452,0.396751
10.735222537,1.108827,0.488761,1.105833,0.483646,1.061467,0.396785
10.737189532,1.108850,0.488800,1.105856,0.483686,1.061483,0.396819
10.739156526,1.108873,0.488839,1.105880,0.483726,1.061498,0.396854
10.741123521,1.108896,0.488878,1.105903,0.483766,1.061513,0.396888
10.743090515,1.108919,0.488917,1.105926,0.483806,1.061528,0.396922
10.745057510,1.108942,0.488956,1.105949,0.483846,1.061544,0.396956
10.747024504,1.108965,0.488995,1.105973,0.483886,1.061559,0.396991
10.748991499,1.108988,0.489035,1.105996,0.483926,1.061574,0.397025
10.750958493,1.109011,0.489074,1.106019,0.483966,1.061589,0.397059
10.752925488,1.109034,0.489113,1.106042,0.484006,1.061604,0.397093
10.754892482,1.109057,0.489152,1.106066,0.484046,1.061620,0.397127
10.756859477,1.109080,0.489191,1.106089,0.484086,1.061635,0.397162
10.758826471,1.109103,0.489230,1.106112,0.484126,1.061650,0.397196
10.760793466,1.109126,0.489269,1.106135,0.484166,1.061665,0.397230
10.762760460,1.109150,0.489308,1.106159,0.484206,1.061681,0.397264
10.764727455,1.109173,0.489347,1.106182,0.484246,1.061696,0.397299
10.766694449,1.109196,0.489386,1.106205,0.484286,1.061711,0.397333
10.768661444,1.109219,0.489425,1.106228,0.484326,1.061726,0.397367
10.770628438,1.109242,0.489464,1.106252,0.484366,1.061742,0.397401
10.772595433,1.109265,0.489503,1.106275,0.484406,1.061757,0.397435
10.774562427,1.109288,0.489542,1.106298,0.484445,1.061772,0.397469
10.776529422,1.109311,0.489582,1.106321,0.484485,1.061787,0.397504
10.778496416,1.109334,0.489621,1.106344,0.484525,1.061803,0.397538
10.780463411,1.109357,0.489660,1.106368,0.484565,1.061818,0.397572
10.782430405,1.109380,0.489699,1.106391,0.484605,1.061833,0.397606
10.784397400,1.109403,0.489738,1.106414,0.484645,1.061848,0.397640
10.786364394,1.109426,0.489777,1.106437,0.484685,1.061863,0.397674
10.788331389,1.109449,0.489816,1.106461,0.484725,1.061879,0.397709
10.790298383,1.109473,0.489855,1.106484,0.484764,1.061894,0.397743
10.792265378,1.109496,0.489894,1.106507,0.484804,1.061909,0.397777
10.794232372,1.109519,0.489933,1.106530,0.484844,1.061924,0.397811
10.796199367,1.109542,0.489972,1.106554,0.484884,1.061940,0.397845
10.798166361,1.109565,0.490010,1.106577,0.484924,1.061955,0.397879
10.800133356,1.109588,0.490049,1.106600,0.484964,1.061970,0.397913
10.802100350,1.109611,0.490088,1.106623,0.485004,1.061985,0.397948
10.804067345,1.109634,0.490127,1.106646,0.485043,1.062001,0.397982
10.806034339,1.109657,0.490166,1.106670,0.485083,1.062016,0.398016
10.808001334,1.109680,0.490205,1.106693,0.485123,1.062031,0.398050
10.809968328,1.109703,0.490244,1.106716,0.485163,1.062046,0.398084
10.811935323,1.109726,0.490283,1.106739,0.485203,1.062061,0.398118
10.813902317,1.109749,0.490322,1.106763,0.485242,1.062077,0.398152
10.815869312,1.109772,0.490361,1.106786,0.485282,1.062092,0.398186
10.817836306,1.109795,0.490400,1.106809,0.485322,1.062107,0.398220
10.819803301,1.109818,0.490439,1.106832,0.485362,1.062122,0.398254
10.821770295,1.109842,0.490478,1.106855,0.485402,1.062138,0.398288
10.823737290,1.109865,0.490517,1.106879,0.485441,1.062153,0.398323
10.825704284,1.109888,0.490556,1.106902,0.485481,1.062168,0.398357
10.827671279,1.109911,0.490594,1.106925,0.485521,1.062183,0.398391
10.829638273,1.109934,0.490633,1.106948,0.485561,1.062199,0.398425
10.831605268,1.109957,0.490672,1.106972,0.485600,1.062214,0.398459
10.833572262,1.109980,0.490711,1.106995,0.485640,1.062229,0.398493
10.835539257,1.110003,0.490750,1.107018,0.485680,1.062244,0.398527
10.837506251,1.110026,0.490789,1.107041,0.485719,1.062259,0.398561
10.839473246,1.110049,0.490828,1.107064,0.485759,1.062275,0.398595
10.841440240,1.110072,0.490867,1.107088,0.485799,1.062290,0.398629
10.843407235,1.110095,0.490905,1.107111,0.485839,1.062305,0.398663
10.845374229,1.110118,0.490944,1.107134,0.485878,1.062320,0.398697
10.847341224,1.110141,0.490983,1.107157,0.485918,1.062336,0.398731
10.849308218,1.110164,0.491022,1.107180,0.485958,1.062351,0.398765
10.851275213,1.110187,0.491061,1.107204,0.485997,1.062366,0.398799
10.853242207,1.110210,0.491100,1.107227,0.486037,1.062381,0.398833
10.855209202,1.110233,0.491138,1.107250,0.486077,1.062396,0.398867
10.857176196,1.110257,0.491177,1.107273,0.486116,1.062412,0.398901
10.859143191,1.110280,0.491216,1.107297,0.486156,1.062427,0.398935
10.861110185,1.110303,0.491255,1.107320,0.486196,1.062442,0.398969
10.863077180,1.110326,0.491294,1.107343,0.486235,1.062457,0.399003
10.865044174,1.110349,0.491332,1.107366,0.486275,1.062473,0.399037
10.867011169,1.110372,0.491371,1.107389,0.486315,1.062488,0.399071
10.868978163,1.110395,0.491410,1.107413,0.486354,1.062503,0.399105
10.870945158,1.110418,0.491449,1.107436,0.486394,1.062518,0.399139
10.872912152,1.110441,0.491488,1.107459,0.486434,1.062533,0.399173
10.874879147,1.110464,0.491526,1.107482,0.486473,1.062549,0.399207
10.876846141,1.110487,0.491565,1.107505,0.486513,1.062564,0.399241
10.878813136,1.110510,0.491604,1.107529,0.486553,1.062579,0.399275
10.880780130,1.110533,0.491643,1.107552,0.486592,1.062594,0.399309
10.882747125,1.110556,0.491681,1.107575,0.486632,1.062610,0.399343
10.884714119,1.110579,0.491720,1.107598,0.486671,1.062625,0.399377
10.886681114,1.110602,0.491759,1.107621,0.486711,1.062640,0.399411
10.888648108,1.110625,0.491798,1.107645,0.486751,1.062655,0.399445
10.890615103,1.110648,0.491836,1.107668,0.486790,1.062670,0.399478
10.892582097,1.110671,0.491875,1.107691,0.486830,1.062686,0.399512
10.894549092,1.110694,0.491914,1.107714,0.486869,1.062701,0.399546
10.896516086,1.110717,0.491952,1.107737,0.486909,1.062716,0.399580
10.898483081,1.110740,0.491991,1.107761,0.486948,1.062731,0.399614
10.900450075,1.110763,0.492030,1.107784,0.486988,1.062747,0.399648
10.902417070,1.110787,0.492069,1.107807,0.487028,1.062762,0.399682
10.904384064,1.110810,0.492107,1.107830,0.487067,1.062777,0.399716
10.906351059,1.110833,0.492146,1.107853,0.487107,1.062792,0.399750
10.908318053,1.110856,0.492185,1.107877,0.487146,1.062807,0.399784
10.910285048,1.110879,0.492223,1.107900,0.487186,1.062823,0.399818
10.912252042,1.110902,0.492262,1.107923,0.487225,1.062838,0.399851
10.914219037,1.110925,0.492301,1.107946,0.487265,1.062853,0.399885
10.916186031,1.110948,0.492339,1.107969,0.487304,1.062868,0.399919
10.918153026,1.110971,0.492378,1.107993,0.487344,1.062884,0.399953
10.920120020,1.110994,0.492417,1.108016,0.487383,1.062899,0.399987
10.922087015,1.111017,0.492455,1.108039,0.487423,1.062914,0.400021
10.924054009,1.111040,0.492494,1.108062,0.487462,1.062929,0.400055
10.926021004,1.111063,0.492532,1.108085,0.487502,1.062944,0.400088
10.927987998,1.111086,0.492571,1.108109,0.487541,1.062960,0.400122
10.929954992,1.111109,0.492610,1.108132,0.487581,1.062975,0.400156
10.931921987,1.111132,0.492648,1.108155,0.487620,1.062990,0.400190
10.933888981,1.111155,0.492687,1.108178,0.487660,1.063005,0.400224
10.935855976,1.111178,0.492726,1.108201,0.487699,1.063020,0.400258
10.937822970,1.111201,0.492764,1.108225,0.487738,1.063036,0.400292
10.939789965,1.111224,0.492803,1.108248,0.487778,1.063051,0.400325
10.941756959,1.111247,0.492841,1.108271,0.487817,1.063066,0.400359
10.943723954,1.111270,0.492880,1.108294,0.487857,1.063081,0.400393
10.945690948,1.111293,0.492918,1.108317,0.487896,1.063097,0.400427
10.947657943,1.111316,0.492957,1.108341,0.487936,1.063112,0.400461
10.949624937,1.111339,0.492996,1.108364,0.487975,1.063127,0.400494
10.951591932,1.111362,0.493034,1.108387,0.488014,1.063142,0.400528
10.953558926,1.111385,0.493073,1.108410,0.488054,1.063157,0.400562
10.955525921,1.111408,0.493111,1.108433,0.488093,1.063173,0.400596
10.957492915,1.111431,0.493150,1.108457,0.488133,1.063188,0.400630
10.959459910,1.111454,0.493188,1.108480,0.488172,1.063203,0.400663
10.961426904,1.111477,0.493227,1.108503,0.488211,1.063218,0.400697
10.963393899,1.111500,0.493265,1.108526,0.488251,1.063233,0.400731
10.965360893,1.111524,0.493304,1.108549,0.488290,1.063249,0.400765
10.967327888,1.111547,0.493343,1.108572,0.488330,1.063264,0.400798
10.969294882,1.111570,0.493381,1.108596,0.488369,1.063279,0.400832
10.971261877,1.111593,0.493420,1.108619,0.488408,1.063294,0.400866
10.973228871,1.111616,0.493458,1.108642,0.488448,1.063310,0.400900
10.975195866,1.111639,0.493497,1.108665,0.488487,1.063325,0.400933
10.977162860,1.111662,0.493535,1.108688,0.488526,1.063340,0.400967
10.979129855,1.111685,0.493574,1.108712,0.488566,1.063355,0.401001
10.981096849,1.111708,0.493612,1.108735,0.488605,1.063370,0.401035
10.983063844,1.111731,0.493651,1.108758,0.488644,1.063386,0.401068
10.985030838,1.111754,0.493689,1.108781,0.488684,1.063401,0.401102
10.986997833,1.111777,0.493728,1.108804,0.488723,1.063416,0.401136
10.988964827,1.111800,0.493766,1.108827,0.488762,1.063431,0.401170
10.990931822,1.111823,0.493804,1.108851,0.488802,1.063446,0.401203
10.992898816,1.111846,0.493843,1.108874,0.488841,1.063462,0.401237
10.994865811,1.111869,0.493881,1.108897,0.488880,1.063477,0.401271
10.996832805,1.111892,0.493920,1.108920,0.488920,1.063492,0.401304
10.998799800,1.111915,0.493958,1.108943,0.488959,1.063507,0.401338
11.000766794,1.111938,0.493997,1.108967,0.488998,1.063522,0.401372
11.002733789,1.111961,0.494035,1.108990,0.489037,1.063538,0.401406
11.004700783,1.111984,0.494074,1.109013,0.489077,1.063553,0.401439
11.006667778,1.112007,0.494112,1.109036,0.489116,1.063568,0.401473
11.008634772,1.112030,0.494150,1.109059,0.489155,1.063583,0.401507
11.010601767,1.112053,0.494189,1.109082,0.489194,1.063599,0.401540
11.012568761,1.112076,0.494227,1.109106,0.489234,1.063614,0.401574
11.014535756,1.112099,0.494266,1.109129,0.489273,1.063629,0.401608
11.016502750,1.112122,0.494304,1.109152,0.489312,1.063644,0.401641
11.018469745,1.112145,0.494342,1.109175,0.489351,1.063659,0.401675
11.020436739,1.112168,0.494381,1.109198,0.489391,1.063675,0.401709
11.022403734,1.112191,0.494419,1.109221,0.489430,1.063690,0.401742
11.024370728,1.112214,0.494458,1.109245,0.489469,1.063705,0.401776
11.026337723,1.112237,0.494496,1.109268,0.489508,1.063720,0.401810
11.028304717,1.112260,0.494534,1.109291,0.489547,1.063735,0.401843
11.030271712,1.112283,0.494573,1.109314,0.489587,1.063751,0.401877
11.032238706,1.112306,0.494611,1.109337,0.489626,1.063766,0.401910
11.034205701,1.112329,0.494649,1.109360,0.489665,1.063781,0.401944
11.036172695,1.112352,0.494688,1.109384,0.489704,1.063796,0.401978
11.038139690,1.112375,0.494726,1.109407,0.489743,1.063811,0.402011
11.040106684,1.112398,0.494764,1.109430,0.489783,1.063827,0.402045
11.042073679,1.112421,0.494803,1.109453,0.489822,1.063842,0.402079
11.044040673,1.112444,0.494841,1.109476,0.489861,1.063857,0.402112
11.046007668,1.112467,0.494879,1.109499,0.489900,1.063872,0.402146
11.047974662,1.112490,0.494918,1.109523,0.489939,1.063887,0.402179
11.049941657,1.112513,0.494956,1.109546,0.489978,1.063903,0.402213
11.051908651,1.112536,0.494994,1.109569,0.490017,1.063918,0.402247
11.053875646,1.112559,0.495033,1.109592,0.490057,1.063933,0.402280
11.055842640,1.112582,0.495071,1.109615,0.490096,1.063948,0.402314
11.057809635,1.112605,0.495109,1.109638,0.490135,1.063963,0.402347
11.059776629,1.112628,0.495147,1.109662,0.490174,1.063979,0.402381
11.061743624,1.112651,0.495186,1.109685,0.490213,1.063994,0.402414
11.063710618,1.112674,0.495224,1.109708,0.490252,1.064009,0.402448
11.065677613,1.112697,0.495262,1.109731,0.490291,1.064024,0.402482
11.067644607,1.112720,0.495300,1.109754,0.490330,1.064039,0.402515
11.069611602,1.112743,0.495339,1.109777,0.490370,1.064055,0.402549
11.071578596,1.112766,0.495377,1.109801,0.490409,1.064070,0.402582
11.073545591,1.112789,0.495415,1.109824,0.490448,1.064085,0.402616
11.075512585,1.112812,0.495453,1.109847,0.490487,1.064100,0.402649
11.077479580,1.112835,0.495492,1.109870,0.490526,1.064115,0.402683
11.079446574,1.112858,0.495530,1.109893,0.490565,1.064131,0.402716
11.081413569,1.112881,0.495568,1.109916,0.490604,1.064146,0.402750
11.083380563,1.112904,0.495606,1.109939,0.490643,1.064161,0.402783
11.085347558,1.112927,0.495645,1.109963,0.490682,1.064176,0.402817
11.087314552,1.112950,0.495683,1.109986,0.490721,1.064191,0.402850
11.089281547,1.112973,0.495721,1.110009,0.490760,1.064207,0.402884
11.091248541,1.112996,0.495759,1.110032,0.490799,1.064222,0.402917
11.093215536,1.113019,0.495797,1.110055,0.490838,1.064237,0.402951
11.095182530,1.113042,0.495836,1.110078,0.490877,1.064252,0.402984
11.097149525,1.113065,0.495874,1.110102,0.490916,1.064267,0.403018
11.099116519,1.113088,0.495912,1.110125,0.490955,1.064283,0.403051
11.101083514,1.113111,0.495950,1.110148,0.490994,1.064298,0.403085
11.103050508,1.113134,0.495988,1.110171,0.491033,1.064313,0.403118
11.105017503,1.113157,0.496027,1.110194,0.491072,1.064328,0.403152
11.106984497,1.113180,0.496065,1.110217,0.491111,1.064343,0.403185
11.108951492,1.113203,0.496103,1.110240,0.491150,1.064359,0.403219
11.110918486,1.113226,0.496141,1.110264,0.491189,1.064374,0.403252
11.112885481,1.113249,0.496179,1.110287,0.491228,1.064389,0.403286
11.114852475,1.113272,0.496217,1.110310,0.491267,1.064404,0.403319
11.116819470,1.113295,0.496255,1.110333,0.491306,1.064419,0.403353
11.118786464,1.113318,0.496294,1.110356,0.491345,1.064435,0.403386
11.120753459,1.113341,0.496332,1.110379,0.491384,1.064450,0.403420
11.122720453,1.113364,0.496370,1.110403,0.491423,1.064465,0.403453
11.124687448,1.113387,0.496408,1.110426,0.491462,1.064480,0.403486
11.126654442,1.113410,0.496446,1.110449,0.491501,1.064495,0.403520
11.128621437,1.113433,0.496484,1.110472,0.491540,1.064511,0.403553
11.130588431,1.113456,0.496522,1.110495,0.491579,1.064526,0.403587
11.132555426,1.113479,0.496560,1.110518,0.491618,1.064541,0.403620
11.134522420,1.113502,0.496598,1.110541,0.491657,1.064556,0.403654
11.136489415,1.113525,0.496636,1.110565,0.491696,1.064571,0.403687
11.138456409,1.113548,0.496675,1.110588,0.491734,1.064587,0.403720
11.140423404,1.113571,0.496713,1.110611,0.491773,1.064602,0.403754
11.142390398,1.113594,0.496751,1.110634,0.491812,1.064617,0.403787
11.144357393,1.113617,0.496789,1.110657,0.491851,1.064632,0.403821
11.146324387,1.113640,0.496827,1.110680,0.491890,1.064647,0.403854
11.148291382,1.113663,0.496865,1.110703,0.491929,1.064663,0.403887
11.150258376,1.113686,0.496903,1.110727,0.491968,1.064678,0.403921
11.152225371,1.113709,0.496941,1.110750,0.492007,1.064693,0.403954
11.154192365,1.113732,0.496979,1.110773,0.492045,1.064708,0.403988
11.156159360,1.113755,0.497017,1.110796,0.492084,1.064723,0.404021
11.158126354,1.113778,0.497055,1.110819,0.492123,1.064738,0.404054
11.160093349,1.113801,0.497093,1.110842,0.492162,1.064754,0.404088
11.162060343,1.113823,0.497131,1.110865,0.492201,1.064769,0.404121
11.164027338,1.113846,0.497169,1.110888,0.492240,1.064784,0.404154
11.165994332,1.113869,0.497207,1.110912,0.492279,1.064799,0.404188
11.167961327,1.113892,0.497245,1.110935,0.492317,1.064814,0.404221
11.169928321,1.113915,0.497283,1.110958,0.492356,1.064830,0.404254
11.171895316,1.113938,0.497321,1.110981,0.492395,1.064845,0.404288
11.173862310,1.113961,0.497359,1.111004,0.492434,1.064860,0.404321
11.175829305,1.113984,0.497397,1.111027,0.492473,1.064875,0.404354
11.177796299,1.114007,0.497435,1.111050,0.492511,1.064890,0.404388
11.179763294,1.114030,0.497473,1.111074,0.492550,1.064906,0.404421
11.181730288,1.114053,0.497511,1.111097,0.492589,1.064921,0.404454
11.183697283,1.114076,0.497549,1.111120,0.492628,1.064936,0.404488
11.185664277,1.114099,0.497587,1.111143,0.492667,1.064951,0.404521
11.187631272,1.114122,0.497625,1.111166,0.492705,1.064966,0.404554
11.189598266,1.114145,0.497663,1.111189,0.492744,1.064982,0.404588
11.191565261,1.114168,0.497701,1.111212,0.492783,1.064997,0.404621
11.193532255,1.114191,0.497739,1.111235,0.492822,1.065012,0.404654
11.195499250,1.114214,0.497777,1.111259,0.492860,1.065027,0.404688
11.197466244,1.114237,0.497815,1.111282,0.492899,1.065042,0.404721
11.199433239,1.114260,0.497853,1.111305,0.492938,1.065057,0.404754
11.201400233,1.114283,0.497891,1.111328,0.492977,1.065073,0.404787
11.203367228,1.114306,0.497928,1.111351,0.493015,1.065088,0.404821
11.205334222,1.114329,0.497966,1.111374,0.493054,1.065103,0.404854
11.207301217,1.114352,0.498004,1.111397,0.493093,1.065118,0.404887
11.209268211,1.114375,0.498042,1.111421,0.493132,1.065133,0.404921
11.211235206,1.114398,0.498080,1.111444,0.493170,1.065149,0.404954
11.213202200,1.114421,0.498118,1.111467,0.493209,1.065164,0.404987
11.215169195,1.114444,0.498156,1.111490,0.493248,1.065179,0.405020
11.217136189,1.114467,0.498194,1.111513,0.493286,1.065194,0.405054
11.219103184,1.114490,0.498232,1.111536,0.493325,1.065209,0.405087
11.221070178,1.114513,0.498269,1.111559,0.493364,1.065224,0.405120
11.223037173,1.114536,0.498307,1.111582,0.493402,1.065240,0.405153
11.225004167,1.114558,0.498345,1.111605,0.493441,1.065255,0.405187
11.226971162,1.114581,0.498383,1.111629,0.493480,1.065270,0.405220
11.228938156,1.114604,0.498421,1.111652,0.493519,1.065285,0.405253
11.230905151,1.114627,0.498459,1.111675,0.493557,1.065300,0.405286
11.232872145,1.114650,0.498497,1.111698,0.493596,1.065316,0.405319
11.234839140,1.114673,0.498534,1.111721,0.493634,1.065331,0.405353
11.236806134,1.114696,0.498572,1.111744,0.493673,1.065346,0.405386
11.238773129,1.114719,0.498610,1.111767,0.493712,1.065361,0.405419
11.240740123,1.114742,0.498648,1.111790,0.493750,1.065376,0.405452
11.242707118,1.114765,0.498686,1.111814,0.493789,1.065392,0.405485
11.244674112,1.114788,0.498723,1.111837,0.493828,1.065407,0.405519
11.246641107,1.114811,0.498761,1.111860,0.493866,1.065422,0.405552
11.248608101,1.114834,0.498799,1.111883,0.493905,1.065437,0.405585
11.250575096,1.114857,0.498837,1.111906,0.493944,1.065452,0.405618
11.252542090,1.114880,0.498875,1.111929,0.493982,1.065467,0.405651
11.254509085,1.114903,0.498912,1.111952,0.494021,1.065483,0.405685
11.256476079,1.114926,0.498950,1.111975,0.494059,1.065498,0.405718
11.258443074,1.114949,0.498988,1.111998,0.494098,1.065513,0.405751
11.260410068,1.114972,0.499026,1.112022,0.494136,1.065528,0.405784
11.262377063,1.114995,0.499064,1.112045,0.494175,1.065543,0.405817
11.264344057,1.115018,0.499101,1.112068,0.494214,1.065558,0.405850
11.266311052,1.115041,0.499139,1.112091,0.494252,1.065574,0.405883
11.268278046,1.115063,0.499177,1.112114,0.494291,1.065589,0.405917
11.270245041,1.115086,0.499215,1.112137,0.494329,1.065604,0.405950
11.272212035,1.115109,0.499252,1.112160,0.494368,1.065619,0.405983
11.274179030,1.115132,0.499290,1.112183,0.494406,1.065634,0.406016
11.276146024,1.115155,0.499328,1.112206,0.494445,1.065650,0.406049
11.278113019,1.115178,0.499366,1.112230,0.494484,1.065665,0.406082
11.280080013,1.115201,0.499403,1.112253,0.494522,1.065680,0.406115
11.282047008,1.115224,0.499441,1.112276,0.494561,1.065695,0.406149
11.284014002,1.115247,0.499479,1.112299,0.494599,1.065710,0.406182
11.285980997,1.115270,0.499516,1.112322,0.494638,1.065725,0.406215
11.287947991,1.115293,0.499554,1.112345,0.494676,1.065741,0.406248
11.289914986,1.115316,0.499592,1.112368,0.494715,1.065756,0.406281
11.291881980,1.115339,0.499629,1.112391,0.494753,1.065771,0.406314
11.293848975,1.115362,0.499667,1.112414,0.494792,1.065786,0.406347
11.295815969,1.115385,0.499705,1.112438,0.494830,1.065801,0.406380
11.297782964,1.115408,0.499743,1.112461,0.494869,1.065817,0.406413
11.299749958,1.115431,0.499780,1.112484,0.494907,1.065832,0.406446
11.301716953,1.115454,0.499818,1.112507,0.494946,1.065847,0.406480
11.303683947,1.115477,0.499856,1.112530,0.494984,1.065862,0.406513
11.305650942,1.115499,0.499893,1.112553,0.495023,1.065877,0.406546
11.307617936,1.115522,0.499931,1.112576,0.495061,1.065892,0.406579
11.309584931,1.115545,0.499968,1.112599,0.495099,1.065908,0.406612
11.311551925,1.115568,0.500006,1.112622,0.495138,1.065923,0.406645
11.313518920,1.115591,0.500044,1.112645,0.495176,1.065938,0.406678
11.315485914,1.115614,0.500081,1.112669,0.495215,1.065953,0.406711
11.317452909,1.115637,0.500119,1.112692,0.495253,1.065968,0.406744
11.319419903,1.115660,0.500157,1.112715,0.495292,1.065983,0.406777
11.321386898,1.115683,0.500194,1.112738,0.495330,1.065999,0.406810
11.323353892,1.115706,0.500232,1.112761,0.495368,1.066014,0.406843
11.325320887,1.115729,0.500269,1.112784,0.495407,1.066029,0.406876
11.327287881,1.115752,0.500307,1.112807,0.495445,1.066044,0.406909
11.329254876,1.115775,0.500345,1.112830,0.495484,1.066059,0.406942
11.331221870,1.115798,0.500382,1.112853,0.495522,1.066074,0.406975
11.333188865,1.115821,0.500420,1.112876,0.495560,1.066090,0.407008
11.335155859,1.115844,0.500457,1.112900,0.495599,1.066105,0.407041
11.337122854,1.115866,0.500495,1.112923,0.495637,1.066120,0.407074
11.339089848,1.115889,0.500533,1.112946,0.495676,1.066135,0.407107
11.341056843,1.115912,0.500570,1.112969,0.495714,1.066150,0.407140
11.343023837,1.115935,0.500608,1.112992,0.495752,1.066166,0.407173
11.344990832,1.115958,0.500645,1.113015,0.495791,1.066181,0.407206
11.346957826,1.115981,0.500683,1.113038,0.495829,1.066196,0.407239
11.348924821,1.116004,0.500720,1.113061,0.495867,1.066211,0.407272
11.350891815,1.116027,0.500758,1.113084,0.495906,1.066226,0.407305
11.352858810,1.116050,0.500795,1.113107,0.495944,1.066241,0.407338
11.354825804,1.116073,0.500833,1.113130,0.495982,1.066257,0.407371
11.356792799,1.116096,0.500871,1.113154,0.496021,1.066272,0.407404
11.358759793,1.116119,0.500908,1.113177,0.496059,1.066287,0.407437
11.360726788,1.116142,0.500946,1.113200,0.496097,1.066302,0.407470
11.362693782,1.116165,0.500983,1.113223,0.496136,1.066317,0.407503
11.364660777,1.116187,0.501021,1.113246,0.496174,1.066332,0.407536
11.366627771,1.116210,0.501058,1.113269,0.496212,1.066348,0.407569
11.368594766,1.116233,0.501096,1.113292,0.496251,1.066363,0.407602
11.370561760,1.116256,0.501133,1.113315,0.496289,1.066378,0.407635
11.372528755,1.116279,0.501171,1.113338,0.496327,1.066393,0.407668
11.374495749,1.116302,0.501208,1.113361,0.496366,1.066408,0.407701
11.376462744,1.116325,0.501246,1.113384,0.496404,1.066423,0.407734
11.378429738,1.116348,0.501283,1.113408,0.496442,1.066439,0.407767
11.380396733,1.116371,0.501321,1.113431,0.496480,1.066454,0.407799
11.382363727,1.116394,0.501358,1.113454,0.496519,1.066469,0.407832
11.384330722,1.116417,0.501395,1.113477,0.496557,1.066484,0.407865
11.386297716,1.116440,0.501433,1.113500,0.496595,1.066499,0.407898
11.388264711,1.116463,0.501470,1.113523,0.496633,1.066514,0.407931
11.390231705,1.116486,0.501508,1.113546,0.496672,1.066530,0.407964
11.392198700,1.116508,0.501545,1.113569,0.496710,1.066545,0.407997
11.394165694,1.116531,0.501583,1.113592,0.496748,1.066560,0.408030
11.396132689,1.116554,0.501620,1.113615,0.496786,1.066575,0.408063
11.398099683,1.116577,0.501658,1.113638,0.496825,1.066590,0.408096
11.400066678,1.116600,0.501695,1.113661,0.496863,1.066605,0.408128
11.402033672,1.116623,0.501732,1.113684,0.496901,1.066621,0.408161
11.404000667,1.116646,0.501770,1.113708,0.496939,1.066636,0.408194
11.405967661,1.116669,0.501807,1.113731,0.496977,1.066651,0.408227
11.407934656,1.116692,0.501845,1.113754,0.497016,1.066666,0.408260
11.409901650,1.116715,0.501882,1.113777,0.497054,1.066681,0.408293
11.411868645,1.116738,0.501919,1.113800,0.497092,1.066696,0.408326
11.413835639,1.116761,0.501957,1.113823,0.497130,1.066712,0.408358
11.415802634,1.116783,0.501994,1.113846,0.497168,1.066727,0.408391
11.417769628,1.116806,0.502032,1.113869,0.497207,1.066742,0.408424
11.419736623,1.116829,0.502069,1.113892,0.497245,1.066757,0.408457
11.421703617,1.116852,0.502106,1.113915,0.497283,1.066772,0.408490
11.423670612,1.116875,0.502144,1.113938,0.497321,1.066787,0.408523
11.425637606,1.116898,0.502181,1.113961,0.497359,1.066802,0.408556
11.427604601,1.116921,0.502218,1.113984,0.497397,1.066818,0.408588
11.429571595,1.116944,0.502256,1.114008,0.497436,1.066833,0.408621
11.431538590,1.116967,0.502293,1.114031,0.497474,1.066848,0.408654
11.433505584,1.116990,0.502330,1.114054,0.497512,1.066863,0.408687
11.435472579,1.117013,0.502368,1.114077,0.497550,1.066878,0.408720
11.437439573,1.117035,0.502405,1.114100,0.497588,1.066893,0.408752
11.439406568,1.117058,0.502442,1.114123,0.497626,1.066909,0.408785
11.441373562,1.117081,0.502480,1.114146,0.497664,1.066924,0.408818
11.443340557,1.117104,0.502517,1.114169,0.497702,1.066939,0.408851
11.445307551,1.117127,0.502554,1.114192,0.497741,1.066954,0.408884
11.447274546,1.117150,0.502592,1.114215,0.497779,1.066969,0.408916
11.449241540,1.117173,0.502629,1.114238,0.497817,1.066984,0.408949
11.451208535,1.117196,0.502666,1.114261,0.497855,1.067000,0.408982
11.453175529,1.117219,0.502704,1.114284,0.497893,1.067015,0.409015
11.455142524,1.117242,0.502741,1.114307,0.497931,1.067030,0.409048
11.457109518,1.117265,0.502778,1.114330,0.497969,1.067045,0.409080
11.459076513,1.117287,0.502815,1.114354,0.498007,1.067060,0.409113
11.461043507,1.117310,0.502853,1.114377,0.498045,1.067075,0.409146
11.463010502,1.117333,0.502890,1.114400,0.498083,1.067091,0.409179
11.464977496,1.117356,0.502927,1.114423,0.498121,1.067106,0.409211
11.466944491,1.117379,0.502965,1.114446,0.498159,1.067121,0.409244
11.468911485,1.117402,0.503002,1.114469,0.498197,1.067136,0.409277
11.470878480,1.117425,0.503039,1.114492,0.498235,1.067151,0.409310
11.472845474,1.117448,0.503076,1.114515,0.498273,1.067166,0.409342
11.474812469,1.117471,0.503113,1.114538,0.498312,1.067181,0.409375
11.476779463,1.117494,0.503151,1.114561,0.498350,1.067197,0.409408
11.478746458,1.117516,0.503188,1.114584,0.498388,1.067212,0.409441
11.480713452,1.117539,0.503225,1.114607,0.498426,1.067227,0.409473
11.482680447,1.117562,0.503262,1.114630,0.498464,1.067242,0.409506
11.484647441,1.117585,0.503300,1.114653,0.498502,1.067257,0.409539
11.486614436,1.117608,0.503337,1.114676,0.498540,1.067272,0.409571
11.488581430,1.117631,0.503374,1.114699,0.498578,1.067288,0.409604
11.490548425,1.117654,0.503411,1.114723,0.498616,1.067303,0.409637
11.492515419,1.117677,0.503448,1.114746,0.498654,1.067318,0.409670
11.494482414,1.117700,0.503486,1.114769,0.498692,1.067333,0.409702
11.496449408,1.117723,0.503523,1.114792,0.498730,1.067348,0.409735
11.498416403,1.117745,0.503560,1.114815,0.498767,1.067363,0.409768
11.500383397,1.117768,0.503597,1.114838,0.498805,1.067378,0.409800
11.502350392,1.117791,0.503634,1.114861,0.498843,1.067394,0.409833
11.504317386,1.117814,0.503672,1.114884,0.498881,1.067409,0.409866
11.506284381,1.117837,0.503709,1.114907,0.498919,1.067424,0.409898
11.508251375,1.117860,0.503746,1.114930,0.498957,1.067439,0.409931
11.510218370,1.117883,0.503783,1.114953,0.498995,1.067454,0.409964
11.512185364,1.117906,0.503820,1.114976,0.499033,1.067469,0.409996
11.514152359,1.117929,0.503857,1.114999,0.499071,1.067485,0.410029
11.516119353,1.117952,0.503894,1.115022,0.499109,1.067500,0.410062
11.518086348,1.117974,0.503932,1.115045,0.499147,1.067515,0.410094
11.520053342,1.117997,0.503969,1.115068,0.499185,1.067530,0.410127
11.522020337,1.118020,0.504006,1.115091,0.499223,1.067545,0.410160
11.523987331,1.118043,0.504043,1.115114,0.499261,1.067560,0.410192
11.525954326,1.118066,0.504080,1.115137,0.499299,1.067575,0.410225
11.527921320,1.118089,0.504117,1.115161,0.499336,1.067591,0.410257
11.529888315,1.118112,0.504154,1.115184,0.499374,1.067606,0.410290
11.531855309,1.118135,0.504191,1.115207,0.499412,1.067621,0.410323
11.533822304,1.118158,0.504228,1.115230,0.499450,1.067636,0.410355
11.535789298,1.118180,0.504266,1.115253,0.499488,1.067651,0.410388
11.537756293,1.118203,0.504303,1.115276,0.499526,1.067666,0.410421
11.539723287,1.118226,0.504340,1.115299,0.499564,1.067682,0.410453
11.541690282,1.118249,0.504377,1.115322,0.499602,1.067697,0.410486
11.543657276,1.118272,0.504414,1.115345,0.499639,1.067712,0.410518
11.545624271,1.118295,0.504451,1.115368,0.499677,1.067727,0.410551
11.547591265,1.118318,0.504488,1.115391,0.499715,1.067742,0.410584
11.549558260,1.118341,0.504525,1.115414,0.499753,1.067757,0.410616
11.551525254,1.118363,0.504562,1.115437,0.499791,1.067772,0.410649
11.553492249,1.118386,0.504599,1.115460,0.499829,1.067788,0.410681
11.555459243,1.118409,0.504636,1.115483,0.499866,1.067803,0.410714
11.557426238,1.118432,0.504673,1.115506,0.499904,1.067818,0.410746
11.559393232,1.118455,0.504710,1.115529,0.499942,1.067833,0.410779
11.561360227,1.118478,0.504747,1.115552,0.499980,1.067848,0.410812
11.563327221,1.118501,0.504784,1.115575,0.500018,1.067863,0.410844
11.565294216,1.118524,0.504821,1.115598,0.500055,1.067878,0.410877
11.567261210,1.118547,0.504858,1.115621,0.500093,1.067894,0.410909
11.569228205,1.118569,0.504895,1.115644,0.500131,1.067909,0.410942
11.571195199,1.118592,0.504932,1.115667,0.500169,1.067924,0.410974
11.573162194,1.118615,0.504969,1.115691,0.500207,1.067939,0.411007
11.575129188,1.118638,0.505006,1.115714,0.500244,1.067954,0.411039
11.577096183,1.118661,0.505043,1.115737,0.500282,1.067969,0.411072
11.579063177,1.118684,0.505080,1.115760,0.500320,1.067984,0.411105
11.581030172,1.118707,0.505117,1.115783,0.500358,1.068000,0.411137
11.582997166,1.118730,0.505154,1.115806,0.500395,1.068015,0.411170
11.584964161,1.118752,0.505191,1.115829,0.500433,1.068030,0.411202
11.586931155,1.118775,0.505228,1.115852,0.500471,1.068045,0.411235
11.588898150,1.118798,0.505265,1.115875,0.500509,1.068060,0.411267
11.590865144,1.118821,0.505302,1.115898,0.500546,1.068075,0.411300
11.592832139,1.118844,0.505339,1.115921,0.500584,1.068090,0.411332
11.594799133,1.118867,0.505376,1.115944,0.500622,1.068106,0.411365
11.596766128,1.118890,0.505413,1.115967,0.500660,1.068121,0.411397
11.598733122,1.118913,0.505450,1.115990,0.500697,1.068136,0.411430
11.600700117,1.118935,0.505487,1.116013,0.500735,1.068151,0.411462
11.602667111,1.118958,0.505524,1.116036,0.500773,1.068166,0.411495
11.604634106,1.118981,0.505561,1.116059,0.500810,1.068181,0.411527
11.606601100,1.119004,0.505598,1.116082,0.500848,1.068196,0.411560
11.608568095,1.119027,0.505635,1.116105,0.500886,1.068212,0.411592
11.610535089,1.119050,0.505671,1.116128,0.500923,1.068227,0.411624
11.612502084,1.119073,0.505708,1.116151,0.500961,1.068242,0.411657
11.614469078,1.119095,0.505745,1.116174,0.500999,1.068257,0.411689
11.616436073,1.119118,0.505782,1.116197,0.501037,1.068272,0.411722
11.618403067,1.119141,0.505819,1.116220,0.501074,1.068287,0.411754
11.620370062,1.119164,0.505856,1.116243,0.501112,1.068302,0.411787
11.622337056,1.119187,0.505893,1.116266,0.501150,1.068318,0.411819
11.624304051,1.119210,0.505930,1.116289,0.501187,1.068333,0.411852
11.626271045,1.119233,0.505967,1.116312,0.501225,1.068348,0.411884
11.628238040,1.119256,0.506003,1.116335,0.501262,1.068363,0.411917
11.630205034,1.119278,0.506040,1.116358,0.501300,1.068378,0.411949
11.632172029,1.119301,0.506077,1.116381,0.501338,1.068393,0.411981
11.634139023,1.119324,0.506114,1.116404,0.501375,1.068408,0.412014
11.636106018,1.119347,0.506151,1.116427,0.501413,1.068424,0.412046
11.638073012,1.119370,0.506188,1.116450,0.501451,1.068439,0.412079
11.640040007,1.119393,0.506225,1.116473,0.501488,1.068454,0.412111
11.642007001,1.119416,0.506261,1.116497,0.501526,1.068469,0.412143
11.643973996,1.119438,0.506298,1.116520,0.501563,1.068484,0.412176
11.645940990,1.119461,0.506335,1.116543,0.501601,1.068499,0.412208
11.647907985,1.119484,0.506372,1.116566,0.501639,1.068514,0.412241
11.649874979,1.119507,0.506409,1.116589,0.501676,1.068530,0.412273
11.651841974,1.119530,0.506446,1.116612,0.501714,1.068545,0.412305
11.653808968,1.119553,0.506482,1.116635,0.501751,1.068560,0.412338
11.655775963,1.119576,0.506519,1.116658,0.501789,1.068575,0.412370
11.657742957,1.119598,0.506556,1.116681,0.501826,1.068590,0.412403
11.659709952,1.119621,0.506593,1.116704,0.501864,1.068605,0.412435
11.661676946,1.119644,0.506630,1.116727,0.501902,1.068620,0.412467
11.663643941,1.119667,0.506666,1.116750,0.501939,1.068636,0.412500
11.665610935,1.119690,0.506703,1.116773,0.501977,1.068651,0.412532
11.667577930,1.119713,0.506740,1.116796,0.502014,1.068666,0.412564
11.669544924,1.119736,0.506777,1.116819,0.502052,1.068681,0.412597
11.671511919,1.119758,0.506813,1.116842,0.502089,1.068696,0.412629
11.673478913,1.119781,0.506850,1.116865,0.502127,1.068711,0.412662
11.675445908,1.119804,0.506887,1.116888,0.502164,1.068726,0.412694
11.677412902,1.119827,0.506924,1.116911,0.502202,1.068741,0.412726
11.679379897,1.119850,0.506960,1.116934,0.502239,1.068757,0.412759
11.681346891,1.119873,0.506997,1.116957,0.502277,1.068772,0.412791
11.683313886,1.119896,0.507034,1.116980,0.502314,1.068787,0.412823
11.685280880,1.119918,0.507071,1.117003,0.502352,1.068802,0.412856
11.687247875,1.119941,0.507107,1.117026,0.502389,1.068817,0.412888
11.689214869,1.119964,0.507144,1.117049,0.502427,1.068832,0.412920
11.691181864,1.119987,0.507181,1.117072,0.502464,1.068847,0.412953
11.693148858,1.120010,0.507217,1.117095,0.502502,1.068863,0.412985
11.695115853,1.120033,0.507254,1.117118,0.502539,1.068878,0.413017
11.697082847,1.120056,0.507291,1.117141,0.502577,1.068893,0.413049
11.699049842,1.120078,0.507328,1.117164,0.502614,1.068908,0.413082
11.701016836,1.120101,0.507364,1.117187,0.502652,1.068923,0.413114
11.702983831,1.120124,0.507401,1.117210,0.502689,1.068938,0.413146
11.704950825,1.120147,0.507438,1.117233,0.502727,1.068953,0.413179
11.706917820,1.120170,0.507474,1.117256,0.502764,1.068968,0.413211
11.708884814,1.120193,0.507511,1.117279,0.502802,1.068984,0.413243
11.710851809,1.120215,0.507548,1.117302,0.502839,1.068999,0.413275
11.712818803,1.120238,0.507584,1.117325,0.502876,1.069014,0.413308
11.714785798,1.120261,0.507621,1.117348,0.502914,1.069029,0.413340
11.716752792,1.120284,0.507658,1.117371,0.502951,1.069044,0.413372
11.718719787,1.120307,0.507694,1.117394,0.502989,1.069059,0.413405
11.720686781,1.120330,0.507731,1.117417,0.503026,1.069074,0.413437
11.722653776,1.120352,0.507768,1.117440,0.503063,1.069089,0.413469
11.724620770,1.120375,0.507804,1.117463,0.503101,1.069105,0.413501
11.726587765,1.120398,0.507841,1.117486,0.503138,1.069120,0.413534
11.728554759,1.120421,0.507878,1.117509,0.503176,1.069135,0.413566
11.730521754,1.120444,0.507914,1.117532,0.503213,1.069150,0.413598
11.732488748,1.120467,0.507951,1.117555,0.503250,1.069165,0.413630
11.734455743,1.120490,0.507987,1.117578,0.503288,1.069180,0.413663
11.736422737,1.120512,0.508024,1.117601,0.503325,1.069195,0.413695
11.738389732,1.120535,0.508061,1.117624,0.503363,1.069211,0.413727
11.740356726,1.120558,0.508097,1.117647,0.503400,1.069226,0.413759
11.742323721,1.120581,0.508134,1.117670,0.503437,1.069241,0.413791
11.744290715,1.120604,0.508170,1.117693,0.503475,1.069256,0.413824
11.746257710,1.120627,0.508207,1.117716,0.503512,1.069271,0.413856
11.748224704,1.120649,0.508244,1.117739,0.503549,1.069286,0.413888
11.750191699,1.120672,0.508280,1.117762,0.503587,1.069301,0.413920
11.752158693,1.120695,0.508317,1.117785,0.503624,1.069316,0.413952
11.754125688,1.120718,0.508353,1.117808,0.503661,1.069332,0.413985
11.756092682,1.120741,0.508390,1.117831,0.503699,1.069347,0.414017
11.758059677,1.120764,0.508426,1.117854,0.503736,1.069362,0.414049
11.760026671,1.120786,0.508463,1.117877,0.503773,1.069377,0.414081
11.761993666,1.120809,0.508500,1.117900,0.503811,1.069392,0.414113
11.763960660,1.120832,0.508536,1.117923,0.503848,1.069407,0.414146
11.765927655,1.120855,0.508573,1.117946,0.503885,1.069422,0.414178
11.767894649,1.120878,0.508609,1.117969,0.503923,1.069437,0.414210
11.769861644,1.120901,0.508646,1.117992,0.503960,1.069453,0.414242
11.771828638,1.120923,0.508682,1.118015,0.503997,1.069468,0.414274
11.773795633,1.120946,0.508719,1.118038,0.504034,1.069483,0.414306
11.775762627,1.120969,0.508755,1.118061,0.504072,1.069498,0.414339
11.777729622,1.120992,0.508792,1.118084,0.504109,1.069513,0.414371
11.779696616,1.121015,0.508828,1.118107,0.504146,1.069528,0.414403
11.781663611,1.121038,0.508865,1.118130,0.504183,1.069543,0.414435
11.783630605,1.121060,0.508901,1.118153,0.504221,1.069558,0.414467
11.785597600,1.121083,0.508938,1.118176,0.504258,1.069574,0.414499
11.787564594,1.121106,0.508974,1.118199,0.504295,1.069589,0.414531
11.789531589,1.121129,0.509011,1.118222,0.504332,1.069604,0.414564
11.791498583,1.121152,0.509047,1.118245,0.504370,1.069619,0.414596
11.793465578,1.121174,0.509084,1.118268,0.504407,1.069634,0.414628
11.795432572,1.121197,0.509120,1.118291,0.504444,1.069649,0.414660
11.797399567,1.121220,0.509157,1.118314,0.504481,1.069664,0.414692
11.799366561,1.121243,0.509193,1.118337,0.504519,1.069679,0.414724
11.801333556,1.121266,0.509230,1.118360,0.504556,1.069694,0.414756
11.803300550,1.121289,0.509266,1.118383,0.504593,1.069710,0.414788
11.805267545,1.121311,0.509302,1.118406,0.504630,1.069725,0.414820
11.807234539,1.121334,0.509339,1.118429,0.504667,1.069740,0.414853
11.809201534,1.121357,0.509375,1.118452,0.504705,1.069755,0.414885
11.811168528,1.121380,0.509412,1.118474,0.504742,1.069770,0.414917
11.813135523,1.121403,0.509448,1.118497,0.504779,1.069785,0.414949
11.815102517,1.121426,0.509485,1.118520,0.504816,1.069800,0.414981
11.817069512,1.121448,0.509521,1.118543,0.504853,1.069815,0.415013
11.819036506,1.121471,0.509557,1.118566,0.504891,1.069831,0.415045
11.821003501,1.121494,0.509594,1.118589,0.504928,1.069846,0.415077
11.822970495,1.121517,0.509630,1.118612,0.504965,1.069861,0.415109
11.824937490,1.121540,0.509667,1.118635,0.505002,1.069876,0.415141
11.826904484,1.121562,0.509703,1.118658,0.505039,1.069891,0.415173
11.828871479,1.121585,0.509739,1.118681,0.505076,1.069906,0.415205
11.830838473,1.121608,0.509776,1.118704,0.505113,1.069921,0.415237
11.832805468,1.121631,0.509812,1.118727,0.505151,1.069936,0.415269
11.834772462,1.121654,0.509849,1.118750,0.505188,1.069952,0.415301
11.836739457,1.121677,0.509885,1.118773,0.505225,1.069967,0.415334
11.838706451,1.121699,0.509921,1.118796,0.505262,1.069982,0.415366
11.840673446,1.121722,0.509958,1.118819,0.505299,1.069997,0.415398
11.842640440,1.121745,0.509994,1.118842,0.505336,1.070012,0.415430
11.844607435,1.121768,0.510030,1.118865,0.505373,1.070027,0.415462
11.846574429,1.121791,0.510067,1.118888,0.505410,1.070042,0.415494
11.848541424,1.121813,0.510103,1.118911,0.505448,1.070057,0.415526
11.850508418,1.121836,0.510140,1.118934,0.505485,1.070072,0.415558
11.852475413,1.121859,0.510176,1.118957,0.505522,1.070088,0.415590
11.854442407,1.121882,0.510212,1.118980,0.505559,1.070103,0.415622
11.856409402,1.121905,0.510249,1.119003,0.505596,1.070118,0.415654
11.858376396,1.121927,0.510285,1.119026,0.505633,1.070133,0.415686
11.860343391,1.121950,0.510321,1.119049,0.505670,1.070148,0.415718
11.862310385,1.121973,0.510357,1.119072,0.505707,1.070163,0.415750
11.864277380,1.121996,0.510394,1.119095,0.505744,1.070178,0.415782
11.866244374,1.122019,0.510430,1.119118,0.505781,1.070193,0.415814
11.868211369,1.122042,0.510466,1.119141,0.505818,1.070208,0.415846
11.870178363,1.122064,0.510503,1.119164,0.505855,1.070224,0.415878
11.872145358,1.122087,0.510539,1.119187,0.505892,1.070239,0.415910
11.874112352,1.122110,0.510575,1.119210,0.505929,1.070254,0.415942
11.876079347,1.122133,0.510612,1.119233,0.505966,1.070269,0.415974
11.878046341,1.122156,0.510648,1.119256,0.506003,1.070284,0.416006
11.880013336,1.122178,0.510684,1.119278,0.506040,1.070299,0.416037
11.881980330,1.122201,0.510720,1.119301,0.506078,1.070314,0.416069
11.883947325,1.122224,0.510757,1.119324,0.506115,1.070329,0.416101
11.885914319,1.122247,0.510793,1.119347,0.506152,1.070344,0.416133
11.887881314,1.122270,0.510829,1.119370,0.506189,1.070360,0.416165
11.889848308,1.122292,0.510865,1.119393,0.506226,1.070375,0.416197
11.891815303,1.122315,0.510902,1.119416,0.506263,1.070390,0.416229
11.893782297,1.122338,0.510938,1.119439,0.506300,1.070405,0.416261
11.895749292,1.122361,0.510974,1.119462,0.506336,1.070420,0.416293
11.897716286,1.122384,0.511010,1.119485,0.506373,1.070435,0.416325
11.899683281,1.122406,0.511047,1.119508,0.506410,1.070450,0.416357
11.901650275,1.122429,0.511083,1.119531,0.506447,1.070465,0.416389
11.903617270,1.122452,0.511119,1.119554,0.506484,1.070480,0.416421
11.905584264,1.122475,0.511155,1.119577,0.506521,1.070496,0.416453
11.907551259,1.122498,0.511191,1.119600,0.506558,1.070511,0.416485
11.909518253,1.122520,0.511228,1.119623,0.506595,1.070526,0.416516
11.911485248,1.122543,0.511264,1.119646,0.506632,1.070541,0.416548
11.913452242,1.122566,0.511300,1.119669,0.506669,1.070556,0.416580
11.915419237,1.122589,0.511336,1.119692,0.506706,1.070571,0.416612
11.917386231,1.122612,0.511372,1.119715,0.506743,1.070586,0.416644
11.919353226,1.122634,0.511409,1.119738,0.506780,1.070601,0.416676
11.921320220,1.122657,0.511445,1.119761,0.506817,1.070616,0.416708
11.923287215,1.122680,0.511481,1.119784,0.506854,1.070632,0.416740
11.925254209,1.122703,0.511517,1.119807,0.506891,1.070647,0.416772
11.927221204,1.122726,0.511553,1.119829,0.506928,1.070662,0.416803
11.929188198,1.122748,0.511590,1.119852,0.506965,1.070677,0.416835
11.931155193,1.122771,0.511626,1.119875,0.507001,1.070692,0.416867
11.933122187,1.122794,0.511662,1.119898,0.507038,1.070707,0.416899
11.935089182,1.122817,0.511698,1.119921,0.507075,1.070722,0.416931
11.937056176,1.122840,0.511734,1.119944,0.507112,1.070737,0.416963
11.939023171,1.122862,0.511770,1.119967,0.507149,1.070752,0.416995
11.940990165,1.122885,0.511806,1.119990,0.507186,1.070768,0.417026
11.942957160,1.122908,0.511843,1.120013,0.507223,1.070783,0.417058
11.944924154,1.122931,0.511879,1.120036,0.507260,1.070798,0.417090
11.946891149,1.122953,0.511915,1.120059,0.507296,1.070813,0.417122
11.948858143,1.122976,0.511951,1.120082,0.507333,1.070828,0.417154
11.950825138,1.122999,0.511987,1.120105,0.507370,1.070843,0.417186
11.952792132,1.123022,0.512023,1.120128,0.507407,1.070858,0.417217
11.954759127,1.123045,0.512059,1.120151,0.507444,1.070873,0.417249
11.956726121,1.123067,0.512095,1.120174,0.507481,1.070888,0.417281
11.958693116,1.123090,0.512131,1.120197,0.507518,1.070903,0.417313
11.960660110,1.123113,0.512167,1.120220,0.507554,1.070919,0.417345
11.962627105,1.123136,0.512204,1.120243,0.507591,1.070934,0.417376
11.964594099,1.123159,0.512240,1.120265,0.507628,1.070949,0.417408
11.966561094,1.123181,0.512276,1.120288,0.507665,1.070964,0.417440
11.968528088,1.123204,0.512312,1.120311,0.507702,1.070979,0.417472
11.970495083,1.123227,0.512348,1.120334,0.507738,1.070994,0.417504
11.972462077,1.123250,0.512384,1.120357,0.507775,1.071009,0.417535
11.974429072,1.123272,0.512420,1.120380,0.507812,1.071024,0.417567
11.976396066,1.123295,0.512456,1.120403,0.507849,1.071039,0.417599
11.978363061,1.123318,0.512492,1.120426,0.507886,1.071055,0.417631
11.980330055,1.123341,0.512528,1.120449,0.507922,1.071070,0.417663
11.982297050,1.123364,0.512564,1.120472,0.507959,1.071085,0.417694
11.984264044,1.123386,0.512600,1.120495,0.507996,1.071100,0.417726
11.986231039,1.123409,0.512636,1.120518,0.508033,1.071115,0.417758
11.988198033,1.123432,0.512672,1.120541,0.508069,1.071130,0.417790
11.990165028,1.123455,0.512708,1.120564,0.508106,1.071145,0.417821
11.992132022,1.123477,0.512744,1.120587,0.508143,1.071160,0.417853
11.994099017,1.123500,0.512780,1.120610,0.508180,1.071175,0.417885
11.996066011,1.123523,0.512816,1.120632,0.508216,1.071190,0.417917
11.998033006,1.123546,0.512852,1.120655,0.508253,1.071206,0.417948
12.000000000,1.123569,0.512888,1.120678,0.508290,1.071221,0.417980
